2388 97
675 72
7819 97
4914 79
5444 100
4597 89
5484 84
513 98
8364 84
6961 100
4696 100
3451 100
4698 76
1328 84
948 103
5198 88
7368 89
9169 90
3851 14
9016 29
7808 9
1549 6
9607 9
8780 28
8503 37
9323 6
7558 6
2397 6
621 9
6930 41
6472 8
4807 37
6989 5
3840 58
6791 14
6735 13
2229 35
5890 5
2175 30
4885 23
6398 20
5233 5
4766 8
72 9
6685 8
7400 40
6279 8
5840 5
5268 10
9332 14
2543 7
1948 24
9194 11
8230 15
564 21
8809 16
7494 10
7829 5
9316 6
7133 18
2069 45
5313 44
1555 59
6867 44
7586 20
9021 8
1524 14
1 53
3117 18
3492 5
6850 9
1811 9
2385 8
8150 10
6003 19
197 34
9643 18
7711 6
8545 45
4681 34
5240 64
4867 6
2863 54
6694 5
7434 5
6817 11
294 8
5703 5
7346 6
6253 10
3125 8
154 5
214 5
2764 6
2921 8
5205 26
2913 32
2473 5
8481 29
6373 13
1023 7
6927 21
888 39
3864 35
8130 66
7231 9
771 18
4331 16
3045 38
8923 100
4183 5
1538 26
3353 100
212 81
8185 88
4109 81
3731 98
6508 85
7787 91
5797 72
4620 84
5844 70
8630 100
9391 100
322 80
2756 83
6845 78
1923 86
8894 89
9696 100
464 73
9567 86
1332 88
19 89
6718 85
9184 78
9277 86
9320 70
3406 85
3591 88
8934 93
4975 100
284 99
9354 96
982 11
1417 9
9285 9
2396 81
4755 29
4504 21
9580 44
6771 6
2182 56
3254 17
172 37
1030 7
8134 5
4443 5
9863 9
5902 37
765 12
8997 26
9106 65
4142 33
8689 23
4846 9
2894 11
6493 9
6056 5
3694 25
720 64
3709 9
7511 5
4900 59
8184 5
8042 38
2366 7
5207 42
7436 13
5604 9
7678 14
3290 33
7978 40
4638 49
4992 19
1703 5
1533 5
8103 5
1086 10
8543 65
3479 82
4729 7
7639 9
4204 8
8001 10
5988 86
7146 5
9428 35
4648 21
4054 51
8129 33
6452 12
4579 12
6066 5
8549 12
6986 34
9366 17
5910 10
592 14
8311 15
2024 36
7912 11
1484 30
8111 8
6432 41
2005 41
7077 7
4153 26
2147 38
4896 65
7288 7
7415 7
1796 13
5863 19
7098 5
7702 5
8734 42
767 17
8628 5
2553 26
7730 54
6494 21
298 41
3828 18
9489 70
1034 11
5157 87
2072 98
7334 13
7014 8
8526 20
4751 6
1411 6
9819 47
9733 5
6752 26
9002 5
7466 60
3762 7
643 6
9207 58
3956 32
9191 10
2002 8
7379 6
1046 7
7503 53
8355 5
5513 10
8943 14
2144 9
9705 9
7409 14
6449 32
1343 28
8093 24
6573 7
8469 7
9968 28
661 24
3647 23
6551 6
7197 14
5265 19
3103 13
3429 5
166 19
8089 8
1005 28
9663 67
6569 7
5465 15
4389 12
5808 17
5403 21
5368 17
534 26
721 12
5955 18
9904 6
6301 33
4345 27
3171 43
5485 99
9163 39
4447 22
763 19
334 15
6305 5
1373 23
2107 16
8377 72
100 22
9865 14
286 28
1285 47
5766 12
6864 6
701 45
1323 51
2890 35
7557 7
2945 49
3826 11
1444 7
2180 11
3239 11
4129 16
7746 23
1317 15
186 29
5203 9
9046 14
7428 36
2498 19
7945 10
4955 10
4201 12
525 12
5057 19
5356 23
1019 6
6434 72
1292 16
7957 18
6015 18
5656 5
1331 13
5278 23
6005 13
2502 10
5404 7
6802 9
2168 49
7669 12
9977 7
4783 25
9880 25
9745 5
5098 28
8475 13
2876 27
4641 15
4347 48
6582 5
5460 29
488 7
3844 13
1407 32
4692 13
3095 9
399 14
2906 5
3920 13
7481 21
2276 15
371 25
94 9
2427 33
5255 41
1406 8
8307 21
1588 9
3508 5
9913 6
9475 11
7847 54
9458 10
7028 7
867 89
1890 15
5610 9
2554 53
4861 13
5686 53
1454 6
2632 17
4444 5
6803 14
1663 26
2812 17
3815 7
6417 16
5097 45
4557 22
9856 10
9867 65
4799 5
6769 11
485 29
2332 6
1947 6
549 25
4240 5
2836 8
4186 11
4888 20
3868 6
1797 16
7825 17
210 68
1422 64
4364 12
7155 10
5744 43
6916 98
5490 24
9032 21
8791 53
5576 8
9084 5
5563 23
6230 8
6197 5
6347 14
1402 19
3896 29
8527 37
4194 21
8163 24
5125 29
2478 29
8249 13
7659 20
5270 21
5294 19
7528 13
412 5
9092 56
791 21
2811 28
2939 21
1229 45
3779 21
3787 10
338 69
4845 68
2545 11
1491 30
7723 11
8193 28
9796 10
8310 6
4636 15
5282 30
4099 19
1683 17
1493 6
9268 10
423 19
9678 5
4891 13
6102 7
1423 5
2667 10
6390 13
6141 27
1359 28
5705 19
7166 19
9397 15
4196 23
7047 9
1095 59
7508 8
3543 5
3465 13
8284 57
7530 14
9861 27
2089 20
6828 13
2740 8
8365 9
7265 7
3167 10
7938 6
6180 7
777 45
5177 18
3200 6
1602 5
330 21
7784 99
1564 60
6319 18
359 18
2057 5
9110 24
970 16
2015 15
7858 22
7007 10
4786 13
5575 21
1983 26
7789 15
2564 14
490 5
1690 11
6872 63
6801 13
3535 11
8488 6
1539 6
3675 17
6730 11
3172 33
8901 15
4039 8
9000 13
6995 8
430 5
2420 8
4713 30
6294 23
1241 15
3592 6
1994 10
6612 6
4197 28
2783 35
3750 23
2411 13
7051 43
3657 39
205 9
6563 5
3104 66
8971 40
4703 7
2991 30
7052 17
3029 8
3274 28
6413 10
4671 13
1394 5
897 24
8070 7
2447 10
1064 13
3719 20
7685 9
126 8
4844 7
9753 11
6639 17
3658 10
9534 22
2809 6
6643 8
8449 33
4269 26
6912 24
4571 33
1861 17
5326 22
2769 7
4950 11
2382 12
4264 46
8056 22
4178 14
942 42
2673 6
949 13
6209 81
2924 29
3189 7
2968 7
3609 6
3474 10
7033 20
3301 7
9431 23
2587 27
9816 8
931 13
5777 20
8730 37
4547 7
3064 29
6008 9
6402 14
3291 18
9847 35
8765 10
5306 12
1944 21
7631 10
9108 20
300 11
6517 5
6797 10
6357 22
5753 34
5812 11
9450 17
725 5
5813 19
310 7
344 5
6520 35
1984 7
2706 26
8629 26
3368 25
8286 26
3839 5
4236 9
9738 21
695 9
2289 26
9618 64
710 13
2856 61
1573 7
8131 15
7126 22
1389 10
5178 8
8270 11
2727 7
5305 45
6821 42
63 22
9887 10
7431 38
5232 55
4103 5
2232 9
8908 29
2158 9
6977 20
5712 35
3388 7
7962 44
6369 32
5562 47
230 5
5792 6
1535 20
15 16
988 22
5823 5
3519 9
7958 23
2817 43
6897 17
3926 29
6593 18
9934 9
8899 7
9262 11
826 21
4812 41
2886 5
3964 8
576 52
1617 14
7194 33
944 6
6092 36
743 13
8692 12
9841 27
2166 18
4123 18
834 6
7818 5
1537 65
5214 5
3724 22
7770 25
9151 13
8299 30
2859 5
9031 24
7472 58
9398 28
8415 23
958 32
4606 17
8140 17
3007 26
2690 17
8633 10
2660 21
3027 6
4394 26
4816 12
4995 17
6648 7
7617 15
4402 72
8283 5
2354 6
6607 59
8082 5
2097 44
9195 6
4849 14
9241 33
6039 8
2080 8
8857 23
4515 9
7090 18
804 41
907 66
2445 20
9590 7
7232 27
7658 7
905 50
6862 8
6576 14
9041 8
6069 15
4234 59
2583 16
9637 19
5290 14
1961 5
4736 19
6980 15
8052 45
7171 19
1492 20
4704 23
6438 60
3834 7
8951 30
4258 15
9474 9
5017 40
786 33
1794 57
7924 7
4018 25
8498 5
6202 38
8227 90
8723 87
9365 98
3116 84
4046 100
4434 99
3496 96
8206 85
1494 81
7491 75
8564 77
9888 99
665 100
7455 8
9248 9
6032 56
7300 24
7201 21
4961 7
4965 9
7124 7
5144 43
1503 18
8350 25
8375 5
4659 33
1933 58
8602 9
3562 7
2696 6
9522 17
9697 7
8439 7
9222 13
2547 10
8240 5
2561 53
9258 5
8440 93
7275 19
7774 32
3823 6
496 8
1551 27
8014 19
6087 7
5474 37
2588 28
3590 24
1250 53
4634 5
2149 5
5992 56
309 24
7827 28
6126 6
3910 12
7874 17
9170 17
2988 16
7225 27
250 9
7469 15
7162 23
245 25
1673 36
9121 7
4820 14
7944 18
2252 10
8068 22
6475 13
2293 37
3699 28
4669 8
896 11
7875 28
8966 26
9129 5
2415 10
3082 19
1412 5
2433 9
3795 22
6754 7
9964 17
6519 24
2595 90
3458 12
4301 7
563 8
7329 7
7030 9
5048 5
9612 15
3441 15
4827 12
9035 10
6501 42
7069 16
3617 10
2958 23
965 15
5437 28
3069 9
9909 11
4902 9
2062 22
4908 35
5077 14
4199 21
2558 15
6788 45
676 13
3985 24
5900 24
382 23
3193 13
2050 10
8094 17
4658 22
5595 12
9529 22
6108 5
7082 40
302 20
7763 9
4632 7
5591 5
8005 55
2179 7
6284 21
7243 18
7019 8
5905 6
1439 9
4724 26
4578 44
7419 69
7458 6
2417 37
6941 12
6361 61
5678 18
6702 39
9547 6
4187 9
3216 14
617 10
1728 5
932 13
640 25
9144 58
3393 6
2141 25
635 14
6113 25
81 25
3303 46
5864 15
6775 19
105 7
1173 21
8113 22
4841 14
6679 13
8010 8
1615 20
9633 9
6354 9
2933 11
6370 49
6790 9
4957 32
7641 36
8947 15
960 13
9596 5
540 25
2261 60
6325 28
9147 9
5483 59
8989 6
5871 8
6645 5
8344 9
3340 9
7188 7
4944 80
3126 43
5470 17
2528 8
244 12
4344 22
8331 13
7259 21
7103 18
3107 25
7939 53
6893 7
9093 17
5456 13
2446 9
1951 6
4601 5
9978 16
5329 19
3659 5
7248 10
682 16
4864 5
4287 11
754 20
6596 8
1055 5
4662 99
3892 16
9082 43
8577 13
2864 18
267 15
9079 21
5691 23
5593 10
7408 12
9608 11
6487 17
2778 6
8467 14
4761 5
7240 44
5407 6
1481 5
9818 23
1158 44
9119 27
9407 12
5302 6
8553 11
1879 25
9579 10
4745 5
9629 29
3461 19
2629 16
3079 10
8179 8
3613 12
8153 19
3733 8
2084 27
1391 45
6637 35
3268 18
4673 43
6834 18
4120 7
5426 5
8453 9
3814 20
2580 5
4052 18
9871 16
7304 8
2562 17
1630 10
8073 32
1085 19
1007 5
5655 99
4511 95
1757 18
8588 16
2828 25
4305 12
7362 16
5886 50
1814 7
4587 38
7806 28
9436 15
233 12
4889 6
2513 16
711 8
4407 13
8252 12
4188 8
9205 15
7743 19
8100 8
9789 6
4250 10
2078 14
3049 24
4420 53
6303 23
6787 29
4371 24
2214 7
2363 10
5521 9
7930 22
5492 18
7391 16
839 41
2998 8
4650 5
7053 16
3937 5
572 8
9656 15
808 30
2949 12
9266 6
9030 17
5889 5
8358 9
2437 8
8513 39
1260 13
557 12
285 16
3931 63
1114 9
4710 14
1193 9
9226 10
878 26
6451 15
9283 34
3486 18
4400 7
6613 7
2654 7
1780 22
8362 7
9588 6
3821 6
8717 22
7996 9
651 12
7990 26
9468 11
1094 8
8586 19
5175 6
8969 10
5642 30
6674 21
6306 11
3105 13
6708 61
6587 27
1664 5
4411 9
9777 13
4943 17
4417 11
2216 7
4075 5
5628 81
5040 5
6193 14
8368 9
5259 38
1190 94
5517 6
4689 16
8764 9
6263 5
3885 5
3343 6
9351 39
8638 20
3081 8
5230 45
487 9
4126 5
4977 8
2758 16
4756 6
1074 19
718 9
7976 6
69 20
7765 18
5452 5
4823 24
6783 22
7988 23
5657 9
3446 27
2902 13
4265 6
5981 20
8096 55
2040 7
8293 16
760 25
7492 17
7251 8
368 10
5145 6
468 6
5717 30
6967 7
5226 8
3085 22
6739 11
5101 11
9175 6
1145 5
1638 5
6972 8
3584 14
7476 10
9910 10
3705 24
872 14
3758 5
8379 35
2350 8
1543 5
8569 34
7406 66
7603 11
9014 22
3533 22
999 15
9960 14
2781 8
3202 54
9808 6
8812 8
5337 25
3100 16
8234 6
6656 6
6226 18
769 17
3745 26
7800 16
4806 11
2920 22
3856 19
9801 16
6167 5
2685 6
5914 7
1720 23
4316 32
1852 13
2731 19
2722 7
4628 6
2127 27
3582 7
7952 11
1600 5
7964 12
7973 6
1334 28
1620 7
727 20
8421 13
8083 11
2494 20
3381 41
5364 21
4657 23
9929 7
7233 12
7132 12
1360 44
3442 12
5192 9
7776 25
2497 7
7002 12
590 13
7979 10
5398 12
6360 15
8858 6
3382 7
5149 13
2284 12
8451 11
5293 9
2979 8
9292 5
8290 24
9952 8
1561 7
2986 18
2612 33
4066 10
9371 25
8608 10
1825 13
5051 11
6747 7
3145 77
9334 97
2708 98
9506 87
4467 53
7321 97
1709 36
588 76
6532 51
8597 36
2884 37
2368 54
3019 68
8201 35
6338 38
8187 86
8998 82
8917 76
921 38
7122 83
4024 50
4989 90
9902 99
7670 53
7928 98
6682 82
269 93
8029 100
5875 88
4581 86
6256 100
6726 82
6962 84
5054 83
9781 81
1938 83
6670 83
5121 75
1275 84
5173 84
8237 72
9074 98
2766 100
6476 88
5181 72
1791 77
8827 74
3673 48
150 79
6453 101
805 48
1374 37
6329 77
7583 39
319 37
4626 99
2538 65
6544 50
7327 83
2659 72
7088 33
2010 45
5880 69
9541 62
9301 66
8978 65
5643 34
7783 55
9096 49
6374 32
5960 54
8505 8
1288 59
4298 50
7074 75
571 47
5856 44
466 67
5987 34
6776 33
7531 26
2426 100
7149 36
5169 78
8774 20
8942 40
5402 40
9717 54
3440 6
3250 62
4519 38
6981 92
6349 80
690 99
9150 99
5143 100
2634 94
6622 105
1410 99
4390 94
6050 101
2978 73
1775 75
7386 85
8878 100
2125 17
9581 39
8297 8
3972 7
8756 16
7574 5
5816 17
9128 10
1132 13
6772 21
2537 6
1835 48
2569 6
8390 32
5425 14
7345 9
4818 39
3214 6
541 7
3488 8
2161 6
956 13
3994 19
304 57
3954 20
5325 10
3798 24
402 12
7465 20
1700 62
4239 30
8035 8
7779 9
2330 6
9728 44
4124 23
8840 12
4425 14
3578 7
5360 14
6873 5
858 7
9487 7
1376 9
7261 8
9317 13
7136 18
3306 44
8562 17
6330 15
6094 12
70 7
8531 37
724 9
2092 17
5597 5
7532 10
9724 50
8258 23
5477 9
4020 6
8088 11
637 6
3737 6
8385 8
9591 25
5442 5
5351 12
5679 9
5459 8
3640 8
5989 8
1125 10
3524 5
4542 21
6483 6
5677 5
1024 5
386 7
3703 6
1609 7
8499 6
3386 12
4319 23
1000 8
219 46
4488 16
9680 6
6822 13
2963 11
2820 17
8333 8
2652 33
7106 5
2841 29
272 68
6502 19
1616 11
8217 8
1871 11
5196 52
1519 8
4476 14
7674 28
1556 5
5638 14
901 24
6304 5
3016 17
8613 27
5387 21
6233 23
4291 26
6168 9
672 23
6711 7
7621 34
6165 20
7407 14
9759 38
303 66
8289 9
1223 13
3101 16
7264 5
1779 6
7739 11
4192 37
3853 13
3754 49
3536 9
3476 52
7689 49
5210 5
8963 10
1749 34
1729 16
1477 36
7495 30
2586 40
6932 22
7377 19
3755 34
495 10
5742 33
3866 20
9190 13
2224 28
2689 40
3183 8
3001 9
5029 5
1139 41
9448 50
2167 11
7910 25
5519 8
9967 22
5132 15
1696 20
9438 16
3846 18
954 64
5046 56
4533 7
6550 17
9188 29
634 5
1981 5
8593 46
3914 7
4683 23
136 12
5772 21
6792 6
4541 9
2027 23
2380 43
5727 14
6562 5
4784 11
9583 10
9578 11
1527 7
75 28
8654 9
5800 5
6296 7
4259 15
4168 21
8178 7
9868 14
8456 21
1262 6
8600 13
9446 27
6041 16
7881 19
6152 7
2202 11
3645 7
7876 48
9362 26
1041 30
33 58
1911 21
8557 30
8186 5
2309 12
1993 10
7758 12
8520 9
1256 10
979 28
1931 16
2666 17
253 19
9361 6
7719 16
1109 27
2733 12
5867 25
6984 67
2726 15
5771 6
2880 19
2575 59
4550 17
396 11
7986 9
9903 35
6365 38
1102 25
4158 55
9360 11
8046 6
9782 11
545 30
9085 10
9655 26
7482 19
9055 10
556 6
5106 8
8906 15
5323 5
5299 85
9086 6
5416 9
7676 7
1886 6
2131 5
1563 23
48 63
9772 6
4966 7
6513 26
5769 5
9067 98
9734 12
3715 86
6383 32
7439 10
8354 7
1635 58
8330 15
8644 12
1059 8
3959 12
1482 25
2453 25
6760 7
397 54
1939 22
6053 28
5724 92
1140 8
7894 27
1772 6
4939 89
1249 19
9493 18
86 56
7507 12
9288 9
6945 39
7751 54
7216 7
2146 29
589 9
6699 6
6058 7
9832 72
1745 21
4369 7
7500 11
6993 16
8322 6
7093 23
2961 11
2622 27
8895 5
3184 46
1896 19
6522 11
4510 7
4893 16
3751 52
425 27
3738 13
8959 17
2578 13
8143 29
4238 22
1159 21
2548 6
4010 37
4728 22
5978 13
5667 6
9698 8
3277 5
1053 5
9518 9
3005 10
6359 9
6031 7
9516 26
7998 7
8049 7
2190 12
9090 12
1824 6
4004 15
2408 5
3664 6
1996 13
5830 50
7541 17
3780 7
8686 6
4143 36
5741 27
6043 8
2262 5
4742 18
527 6
7389 22
1357 6
7855 23
5531 14
1607 8
4218 7
8196 6
4797 17
2517 27
1365 5
3982 97
3685 6
5348 10
9575 28
1950 33
762 46
8847 85
3093 66
5522 10
9722 36
6869 65
1161 57
1946 8
2875 11
8434 5
1610 16
2703 15
8665 9
4543 50
5430 18
7606 6
7637 23
135 14
9440 69
1634 66
1505 30
7483 42
2896 34
4521 6
8556 80
2468 6
3701 86
4932 5
7537 15
7791 9
6516 20
9523 7
8485 22
1349 15
5654 59
2145 15
831 74
4131 13
8281 7
939 11
1674 54
8409 16
8047 14
3797 5
5559 12
2768 7
6254 22
2720 7
4635 17
5550 8
9410 12
9572 5
2192 46
6698 13
6707 30
3627 8
5071 22
3288 78
7965 96
9617 99
8935 100
4709 70
6628 42
3638 85
4288 46
955 33
2514 46
6636 43
6755 34
2307 38
7567 51
7628 41
5528 75
9783 87
1155 58
5565 35
2086 96
1336 20
2098 5
8162 19
5933 13
3679 7
4836 6
312 75
8251 10
2439 6
3083 58
4257 30
623 6
6191 17
2997 13
2571 10
9866 34
9833 8
6814 20
6136 8
4321 7
7023 22
3632 14
6048 8
578 9
1247 6
3517 5
7150 18
9393 27
7269 18
7649 16
5362 21
4366 10
5918 33
200 30
9418 14
5669 12
3376 10
7189 7
7471 11
6566 14
768 24
6784 88
8558 8
2649 5
7913 11
3810 68
3529 18
9763 10
3925 6
4373 6
6671 40
7727 10
4832 27
7809 8
2582 5
258 5
8324 88
2520 50
4602 17
4873 21
6688 21
4130 5
2384 39
9555 7
8968 7
2466 21
4988 5
9024 47
7642 8
320 15
2458 8
1988 22
3566 14
9381 6
1201 24
4028 15
5267 13
3933 7
3489 33
251 6
6391 16
9986 13
4150 16
3785 7
1233 49
5573 86
2194 23
6051 52
5873 14
4310 8
855 15
7422 14
4576 12
7257 8
8884 17
9693 27
3945 23
8755 21
3223 30
5787 18
5191 11
1199 16
1395 5
2807 13
7740 57
1762 5
9573 16
1707 32
2299 16
820 26
6389 91
2328 22
6738 20
1471 18
3946 5
7904 10
2675 11
3503 10
7810 14
5970 46
3309 9
1626 8
2687 8
8607 45
4465 5
8565 30
5518 38
18 27
1604 5
9065 8
3908 66
3375 20
5482 6
8380 11
3478 5
2254 10
1986 5
64 10
2297 53
5208 7
3911 10
2566 37
4627 6
5140 18
5131 8
4987 5
4507 10
6907 20
2695 27
5215 6
6500 17
5273 18
6868 15
2674 6
4217 7
9425 24
5481 61
3266 8
2830 35
9546 7
1146 16
8200 13
7542 15
9295 10
7339 17
5780 6
9838 9
6717 21
8127 18
3115 8
3060 27
5911 6
2619 43
4802 11
9374 19
6407 10
6921 13
7991 11
355 5
1621 17
7538 14
7920 21
8865 6
7337 10
7640 24
2023 24
7686 8
2956 15
5377 30
7179 11
8487 12
4493 26
5314 24
89 6
4132 12
4358 13
5321 58
1582 11
2004 18
2745 45
5859 22
9490 56
9390 10
6355 63
6641 19
2883 22
9811 13
2481 59
6460 7
8637 14
4552 18
2620 6
6903 16
2691 10
1218 13
7793 17
6737 28
8404 24
9949 17
3071 9
5275 34
7262 69
2171 88
1251 37
9961 40
5719 55
7061 35
8441 88
7125 39
7970 56
8918 86
8766 58
6758 89
8003 38
2825 64
974 86
6292 50
5897 32
3865 53
9447 33
4297 36
9267 68
1662 54
7416 82
9104 60
3231 35
8276 52
7849 33
3298 91
10 90
9209 83
7091 100
5781 78
5560 89
5908 76
6479 97
2761 99
2507 100
5153 96
2108 80
1917 98
4296 82
8677 88
2568 73
3414 84
1764 72
7565 90
6949 90
2362 93
7043 100
6915 39
4749 54
8154 59
6290 88
9223 56
3601 90
5159 98
9499 74
2536 90
1627 75
5857 73
2853 87
3243 72
6533 82
215 77
6444 88
2940 99
4876 24
8893 20
8714 46
5494 28
7709 28
883 15
5225 11
7623 6
9552 22
3372 15
8189 15
9869 12
2012 9
1868 10
688 56
301 9
2016 42
5204 8
7805 6
9593 24
9089 25
1800 24
4082 6
2810 11
5942 22
6860 28
7198 11
4912 13
880 9
1184 11
2803 19
4079 12
7110 5
6832 8
2833 6
5300 17
6277 10
1081 5
3736 65
3285 16
5209 9
1687 27
4223 14
5820 8
4647 22
3154 11
4945 5
9225 5
1651 41
1458 48
9420 19
1459 36
7438 12
3011 17
5110 22
8643 5
998 30
7148 11
9042 18
5341 7
3561 11
6534 5
8831 13
5814 23
2847 30
1257 11
1370 22
6091 10
7619 26
6618 7
4915 8
6155 74
6054 63
3563 34
9813 22
7968 17
5683 24
8080 7
4803 24
2152 6
1975 10
2196 26
8601 26
7650 24
5113 12
6583 15
6241 25
1488 46
5361 21
8194 10
8371 13
2115 65
6629 19
1227 13
4610 24
6160 9
7161 5
4531 14
7044 13
180 99
203 16
9202 6
5315 53
4645 11
4622 7
9931 55
8006 15
8631 41
3792 7
8161 10
5289 19
59 27
5050 35
2155 5
1518 15
3987 5
1302 13
7885 47
3589 27
1633 90
5943 19
6264 10
1072 23
393 6
9886 24
8359 10
5509 10
1658 24
7459 65
561 65
169 13
2256 28
3809 10
7523 8
7164 11
9346 5
1183 24
1264 59
9797 20
7144 22
9132 50
7182 9
7929 14
7672 25
3431 11
1152 23
509 28
6968 9
8993 27
6919 32
5432 11
5534 19
3874 11
2162 9
5342 19
9704 7
4805 9
4775 25
5180 21
1548 10
7661 10
4717 7
7877 6
3932 41
8081 24
8767 23
3843 22
9412 29
6118 20
2627 24
7636 90
2585 26
1514 39
5211 14
8108 9
3688 12
7568 30
3936 7
2379 19
536 22
7065 47
6835 15
3163 5
4462 11
8979 37
6706 82
1375 12
3747 5
2479 8
1759 11
2306 8
8936 17
3152 28
4224 9
800 18
3548 59
6473 24
8861 27
9233 14
3345 10
7287 8
4067 9
8265 13
4565 18
7533 38
1200 8
3572 12
6888 22
5089 74
1612 14
4255 28
8120 20
6836 19
591 29
5715 64
8921 26
3156 39
2265 13
793 7
2399 45
5399 17
8214 112
7975 90
8839 94
2512 38
3296 42
341 80
4397 51
5257 38
3942 85
9379 49
2129 92
6577 97
8317 99
5142 99
9414 90
274 100
9149 98
7410 99
2450 101
7276 99
4532 100
1598 97
5168 97
1324 91
2304 20
2403 24
6800 14
7159 11
5428 29
3008 24
9619 30
6224 23
5371 24
8180 84
8514 10
1222 13
1009 51
1253 11
3530 26
4534 22
5826 17
1356 21
5479 9
2301 12
4059 12
5193 23
5447 15
2187 17
2338 88
6741 9
3777 7
8799 5
4328 20
8534 30
4235 9
2327 26
9878 12
595 8
987 13
4765 13
8868 9
715 8
3999 69
3550 6
8464 9
6225 15
6750 15
6588 7
3097 7
5709 9
7229 13
8889 6
4562 7
9626 10
3955 9
1737 8
1467 8
8338 20
7633 15
3660 33
7754 15
7680 7
424 6
2281 6
1344 21
5971 29
8071 8
573 43
3607 7
3196 13
2087 9
8751 5
1399 18
7688 11
9825 10
7506 23
1753 20
8544 9
5833 22
1487 16
6065 28
4501 8
3119 28
3448 5
9473 16
1789 14
8291 17
5075 19
6308 5
5108 11
3337 8
3960 30
3983 7
8539 20
2228 17
1599 20
9837 16
7923 11
3829 11
891 5
2854 28
6617 27
9007 5
2700 5
6830 12
9917 25
7462 42
6523 29
996 32
8849 6
1705 10
2650 8
8623 20
5697 28
2314 20
8235 8
6162 21
7072 6
7732 5
4149 15
1952 11
893 6
9609 66
4984 15
1510 26
8160 10
8395 8
2710 12
9936 27
5049 5
4919 6
5811 6
8517 16
6740 7
3978 56
4555 6
8944 7
2305 13
4828 18
5778 19
9669 7
2140 8
1219 5
7521 62
5551 10
9831 32
6510 21
8515 63
9426 60
3904 12
3993 10
4071 8
7671 49
1390 5
832 19
7076 41
7108 16
774 7
5095 9
5927 53
6154 6
9561 30
5277 13
91 6
990 35
7638 13
3557 12
9932 58
1903 9
6157 17
8958 41
4509 14
7271 37
6344 7
4229 5
6243 28
4101 5
7949 20
5675 9
2349 25
9275 19
2559 11
4016 8
6489 29
3835 13
1566 16
101 66
6840 8
5130 26
9828 16
9058 10
2282 12
706 21
4456 29
4325 20
2522 12
7174 50
6886 22
7620 11
6899 6
7355 20
1741 67
8873 14
6715 7
8919 7
6340 16
8428 13
9181 34
7238 8
3693 20
3219 24
8087 17
5546 12
1680 65
3790 27
2593 15
9957 5
7029 20
183 15
3003 23
9557 5
3893 8
1618 50
4661 20
692 5
776 24
3845 60
1831 7
5711 13
28 27
3610 23
4437 88
9481 25
6684 39
440 25
5671 11
1418 6
7423 50
1318 11
2449 14
4148 18
1018 11
3852 21
9066 11
6376 13
4440 6
5487 7
4348 5
3539 10
7437 11
2628 16
1489 8
8661 11
2716 56
6249 8
4351 18
6798 6
809 5
1761 10
6982 23
4173 41
9341 7
3379 9
4962 8
346 13
1265 82
3208 56
5033 27
3411 9
1766 10
5167 25
8182 27
4890 26
38 6
460 12
5673 94
3380 7
5608 23
9809 10
3986 18
8772 23
5223 52
3094 14
4090 5
4283 6
9298 59
4118 40
254 7
5704 5
3143 16
9623 15
4834 5
7588 11
2521 10
1715 74
6153 29
7980 9
1640 6
5501 13
6088 23
5839 21
4791 43
6731 13
3951 30
7444 12
1899 49
3650 8
2189 21
6762 55
1967 73
1353 27
3855 6
7335 20
2312 8
3032 12
2211 13
1636 42
3025 8
7152 55
1689 13
7927 10
4213 8
8061 33
735 97
7042 15
9101 19
6542 68
4029 5
9560 43
7089 41
7037 49
2912 11
8112 5
8976 10
1916 27
3054 9
174 18
5082 35
2693 6
7901 20
943 19
773 11
1069 26
6723 16
2797 10
950 7
5750 8
7828 23
3269 13
8567 8
8615 5
9928 24
1827 24
5815 57
5609 15
3245 5
4382 17
7347 61
8136 25
3569 12
7747 33
6387 6
7992 23
8581 14
9213 17
1734 19
8241 62
3984 100
2866 6
1893 6
7247 7
2539 25
6415 34
3137 44
1747 14
8502 6
7221 6
4395 9
1371 14
8384 29
516 7
5752 45
8341 13
5598 30
2910 24
7429 28
2831 15
2121 27
61 14
7526 38
3338 10
9713 28
3687 7
8053 23
797 7
8883 21
9672 21
5965 22
918 9
1142 23
8405 5
8099 6
4592 40
6250 5
8392 26
7048 12
4865 27
3073 14
5312 7
585 22
7402 13
8552 54
6333 25
830 22
9309 20
9587 97
24 95
601 98
1883 53
5176 75
7185 100
2842 85
7218 75
9851 98
1844 92
8920 97
2374 95
7582 99
3906 92
1058 18
7798 42
5138 9
4014 11
8579 5
2126 44
1133 33
9627 23
4882 86
1238 56
645 32
6317 80
2639 8
2193 24
5866 5
7851 25
2805 17
5784 44
2624 5
8796 7
5601 17
1355 15
4458 56
4492 60
7309 9
1888 71
1464 41
8614 26
3042 17
2736 63
2068 39
8507 23
4778 87
7616 12
2334 85
5948 30
1210 19
1501 6
182 21
9498 55
9494 9
2877 14
2560 42
3542 10
4772 64
6890 16
9985 65
1955 10
1016 23
7852 18
82 8
9937 25
8603 12
606 51
4324 43
2881 37
631 43
1898 14
6509 15
9300 7
2375 16
4733 40
2792 68
2788 12
546 34
1352 27
6430 55
2430 7
544 32
4947 59
4254 8
5185 28
6939 21
9974 98
1822 64
2950 22
6757 11
2317 51
5922 90
360 28
8589 5
49 6
983 17
132 8
4759 13
5109 18
4346 33
184 100
7931 89
6571 87
4195 74
3850 82
3447 100
2917 73
1842 94
1078 99
8401 100
7502 36
1421 47
73 90
1079 100
3412 66
1622 34
1645 35
7116 85
2409 85
6990 80
8174 48
1110 90
2631 98
4782 97
8119 73
5906 76
7761 100
8272 89
6073 100
9227 11
8775 11
2779 27
3006 8
9388 18
2544 11
1442 10
4573 26
7447 68
5228 24
5349 5
5246 26
9094 10
7183 11
5615 15
417 10
5396 32
5283 8
7501 20
1639 55
8757 9
6987 24
5647 30
9537 35
1659 14
5959 10
497 20
753 46
9073 81
6804 19
5980 6
6375 26
5081 11
3540 8
5438 24
2124 33
131 10
4268 25
3224 19
9900 27
5768 8
7782 20
5064 61
8693 5
8043 23
2755 13
4980 22
8386 15
2967 29
4445 7
927 18
5206 6
7477 23
7890 34
1656 100
5446 5
8705 12
8892 49
107 11
749 6
7753 11
394 16
4981 5
2063 5
6011 27
7546 32
7918 7
1261 5
4349 6
4776 7
5124 48
9463 10
3246 11
5126 13
8008 30
3364 6
8327 14
1881 15
4991 5
7731 36
3579 27
5189 30
5535 28
8662 5
1342 5
175 18
5317 26
7865 8
2563 7
6075 5
6083 16
8982 11
9284 18
4585 26
5044 28
910 23
9681 9
6037 15
7191 21
824 13
8882 9
8334 7
3961 10
4725 7
6794 10
9306 5
3883 7
6445 11
2663 11
2418 5
9870 12
2982 13
9536 49
8243 5
9671 15
1057 9
565 14
4341 35
9729 14
1267 34
5453 39
239 46
9340 5
6169 5
9395 25
7024 56
9699 10
9333 63
8632 40
8681 6
5004 11
3575 7
7856 9
7831 14
1042 20
4684 12
3174 10
2702 5
568 12
8118 29
1080 29
8015 11
9553 42
5925 7
4886 7
7691 9
3775 23
1363 8
4496 12
9068 25
8778 10
530 8
8115 39
6143 30
3146 5
4951 37
3838 58
778 7
7766 9
8190 5
2565 5
5376 35
1150 5
1914 8
2109 11
3127 16
3629 23
4080 32
597 6
9688 81
6421 41
191 28
6228 7
5756 16
9835 40
6010 24
2218 5
6905 10
3430 15
1859 6
1785 13
7121 23
879 5
5433 36
7083 7
6710 65
4831 18
5417 17
7673 16
7384 20
3187 14
5076 28
9126 5
31 12
1770 37
8902 17
2868 5
1660 17
1534 15
887 27
1953 10
734 19
8859 28
1792 72
9399 9
6512 6
4643 13
9218 11
2181 32
9249 23
2413 16
5544 56
1276 25
3484 58
6120 8
8794 36
3037 20
9532 8
123 15
6960 18
2867 19
2623 10
2694 8
9259 16
9457 17
1217 14
4342 12
7111 21
9389 33
702 86
5923 90
2064 84
542 72
8399 93
5570 87
116 71
5932 74
3630 84
8554 100
2226 90
3665 89
3022 77
4353 99
328 100
732 100
3346 84
4044 84
836 99
6019 97
5586 100
7441 91
8257 87
1148 94
504 76
8540 89
3482 95
6952 108
9885 99
6831 94
8836 100
4924 6
1098 29
5728 13
3900 83
7307 6
8735 9
6900 23
43 21
6589 12
3970 7
44 6
2535 5
8176 12
3199 5
5083 7
5063 11
1205 5
9757 11
5640 26
9570 55
4982 10
1867 5
6585 7
2007 10
6507 5
3408 11
2247 12
840 14
679 12
4108 5
1413 5
4998 28
8669 29
9203 9
3369 11
6852 13
3901 7
144 7
7909 8
3805 25
5694 24
5893 8
5000 18
202 30
8275 5
2383 10
5503 5
4936 5
9651 9
9033 22
4500 9
7643 6
288 25
1763 26
6121 64
1244 8
5835 24
5726 6
4855 24
850 5
4391 6
6077 21
680 26
2079 11
886 10
3980 5
52 6
8560 10
5693 12
160 62
4663 15
5998 15
6819 7
5036 25
5415 10
5920 6
3361 7
7811 17
281 64
3799 22
1337 20
953 5
5027 13
8912 22
5629 5
3568 8
6070 25
5285 54
1017 5
6598 10
5926 13
5754 28
1668 23
8519 13
3764 13
2319 7
4273 18
9038 8
5666 30
502 58
3134 17
9513 9
9562 11
8909 8
343 6
4517 5
1576 11
9884 11
4271 19
5008 9
7107 10
5235 13
9133 23
5714 6
2509 9
7785 22
2387 8
1366 9
4392 26
2106 45
5751 6
453 27
5571 20
95 44
7040 29
8807 24
9823 17
4813 12
5068 22
4065 6
2609 11
8671 5
5566 17
2789 11
7256 12
3842 6
7839 18
796 13
1974 6
6881 20
5502 11
3759 9
4096 23
8961 10
5834 15
3981 58
2264 14
3058 30
1603 20
9247 10
7985 9
8848 38
7151 12
2438 30
9145 68
8833 23
2361 57
370 10
1536 6
3191 10
8496 24
5087 26
2035 55
1676 43
208 6
9686 11
1570 6
7848 5
3556 6
2028 18
8592 27
3967 13
350 26
8598 5
6657 7
4260 24
2233 30
2036 20
5003 22
5171 24
7282 8
6704 39
5047 8
3366 9
3165 12
1181 16
1089 27
1296 25
5740 13
3624 69
2714 5
9773 7
2434 26
5718 17
3884 27
454 22
5427 29
2405 56
3549 6
898 23
844 23
3495 9
963 9
1398 26
117 5
2646 12
6499 16
6480 6
2976 24
3320 35
8095 13
4468 10
3235 5
2096 20
7720 6
3012 5
3763 20
5702 5
3161 19
4128 23
6006 20
3466 11
4282 6
933 9
5218 56
118 6
7039 6
6604 8
4911 10
2342 5
305 6
5287 14
9673 6
906 8
807 5
8691 19
7705 9
9 21
7235 8
5052 19
4464 10
7034 9
755 6
5411 25
2532 8
2730 5
7210 16
5451 7
4315 52
8367 11
3603 5
555 46
5127 38
2688 15
9210 27
4304 27
8256 5
8844 5
8313 5
4934 21
3680 5
2614 10
533 7
537 45
9419 23
4817 11
6856 39
2598 9
644 28
1963 18
3661 33
5013 23
4748 8
4378 41
6259 64
1924 15
2088 19
3509 37
4209 70
8208 5
8810 33
4942 35
3334 87
5311 70
88 5
8246 21
9718 40
864 15
4811 16
6696 28
6343 95
8996 11
2081 13
8039 5
5088 7
3861 21
6728 8
2460 13
4551 6
8141 81
8104 80
3255 14
7656 36
5649 17
8059 43
889 33
2530 28
3316 10
7522 45
2359 10
2550 13
5985 14
3407 5
902 32
3373 12
7771 79
7049 42
5617 7
387 42
6130 24
5746 19
2443 6
9687 11
1912 54
3837 87
8787 9
1100 9
6100 28
1813 7
4544 22
20 39
7316 8
1013 58
6631 20
6584 14
6818 8
4822 39
8536 12
6280 11
9592 21
6844 89
9824 5
4615 8
5286 40
6111 66
4359 9
7604 65
8229 7
7971 37
4253 19
5146 21
6642 91
4653 19
58 46
9122 21
2150 41
1093 48
2815 37
428 96
528 11
5894 24
4053 59
2510 20
76 8
7145 23
5590 14
5100 10
6027 6
2440 22
6575 15
3236 7
8302 12
421 23
171 52
8406 38
669 30
2551 52
7510 18
6309 49
5612 42
6028 8
4037 6
5303 15
7773 27
9252 52
9764 88
2801 33
2246 48
674 32
1590 13
4614 13
2774 48
6192 10
3717 13
3018 37
4760 8
1768 11
868 11
7062 51
3483 18
5227 21
908 7
3695 14
192 25
7187 6
2707 34
2895 28
6823 97
5258 87
315 9
4036 36
3820 35
3897 41
3714 18
9497 14
3111 5
7926 7
1307 6
6991 17
4280 30
6265 6
8114 13
7013 13
4069 21
6490 5
7887 12
7403 40
4226 50
8715 14
5023 28
2643 28
6548 20
3251 16
7398 7
8718 24
8177 23
9105 30
2918 23
7041 86
3816 12
5605 12
6110 16
8685 6
8124 9
2490 34
9236 22
5390 7
7442 18
3669 7
8835 43
4145 25
7375 83
1162 46
8007 40
4538 20
3963 35
940 30
2102 21
7027 30
9373 44
9969 88
483 29
2839 80
8946 5
3257 25
2748 83
2111 9
4198 13
4055 8
3192 30
395 11
2381 11
9353 8
8430 63
1039 16
5620 22
7693 58
5122 10
1061 13
6107 5
6669 86
5199 26
9638 5
231 26
8538 26
9810 5
1483 5
5688 27
4416 10
435 8
6763 9
2275 45
989 13
2215 8
5018 21
3923 37
193 16
2900 10
6966 12
5611 26
2302 33
2919 6
1765 26
1128 10
7870 18
3499 5
9962 7
5543 45
1450 6
8726 5
3302 23
6378 5
4789 13
9375 8
6766 7
6874 17
3806 27
4819 49
8795 6
5392 6
7147 7
3188 20
787 35
7775 12
234 11
739 23
8834 10
3902 7
3742 10
3227 16
4105 16
2947 9
390 15
6252 14
1062 22
7352 5
5119 66
1925 19
151 40
5951 25
7324 13
7966 40
3913 18
8973 14
6158 83
4923 34
4883 6
9238 19
4897 11
3606 5
629 12
8414 25
7995 6
2984 36
6235 9
1379 13
6997 14
8459 37
2519 13
9714 18
6858 23
8975 18
593 6
331 6
1163 25
9559 21
4600 7
6320 5
3672 16
3470 8
7797 11
638 56
9703 25
1372 19
9530 10
8369 15
3581 11
9485 28
7837 21
8146 18
2734 5
2267 25
6190 14
5773 7
7105 7
2937 26
6384 25
4011 11
3756 12
8747 34
5936 18
6030 13
4125 20
3089 9
3513 20
7854 13
3702 6
6063 9
9725 54
2467 54
3256 86
6632 6
5896 15
655 33
3697 26
6045 30
3507 12
2477 6
7383 41
758 6
6505 12
9254 88
5022 8
3822 82
1512 47
1460 22
2357 6
5979 94
8664 7
8165 13
8486 15
2041 7
4208 59
8151 5
3633 33
3710 19
9517 14
1968 11
2873 20
4591 8
5499 28
4829 10
5506 12
5674 22
4682 6
4263 9
308 15
8500 55
8040 28
5164 14
8647 28
449 12
273 5
2936 6
6725 8
1272 19
9568 6
2128 10
1991 5
2959 12
4655 8
8697 15
6859 7
1437 7
2243 7
7833 16
8494 32
994 16
5676 72
7281 18
3293 72
6201 8
2373 16
652 10
894 45
8383 28
6334 5
5745 35
5898 5
1985 53
8300 5
9327 20
6922 11
5245 68
5053 32
4117 26
9918 6
2787 24
2549 7
1047 6
926 10
5238 5
1105 21
666 16
9048 40
4616 7
3260 19
4379 24
7046 5
6059 12
5467 8
1767 12
7790 26
8952 19
8318 8
339 12
3253 9
6198 21
9770 7
3919 16
474 6
9240 32
794 8
2197 13
2579 10
6545 12
693 6
4575 11
25 8
909 58
9176 8
9992 15
714 23
911 10
772 6
5801 5
3229 24
3977 19
5424 37
2070 6
922 26
3113 34
7760 19
3356 7
9001 63
1387 5
1850 35
3418 12
9657 60
8051 58
2848 7
615 20
266 7
515 9
9648 6
1026 16
499 19
9668 20
7139 9
6194 18
3212 51
4166 6
3767 8
4317 9
1508 5
2615 28
3317 8
6911 7
1750 22
7838 30
4245 5
65 40
4629 8
2505 7
3039 17
7448 37
9442 11
7374 8
2345 11
6647 44
3949 12
2603 17
7699 16
1733 7
4903 53
3807 9
9178 13
4619 14
9451 20
4540 7
6342 13
9004 18
3976 16
2056 17
5358 5
1649 36
9242 26
352 42
8749 50
6785 5
5224 12
7215 5
3895 7
5901 16
7786 17
9987 10
1319 10
7516 6
6001 6
7536 51
871 13
7972 14
3621 25
9112 15
9682 10
1592 12
8682 20
6016 17
1258 39
8417 6
6090 75
2200 39
1516 17
9123 17
2227 7
7529 18
3061 5
7802 47
5680 87
6906 12
8038 13
6885 43
8792 17
2271 10
1204 6
3181 57
3462 50
9039 24
5619 11
3760 10
6481 22
6372 6
6013 6
823 5
4899 10
7127 9
3135 13
6047 45
8992 16
6756 11
3068 20
1284 15
1002 20
4731 9
9635 5
703 9
1577 48
2728 5
2269 5
8668 12
6602 15
7056 27
1126 33
4875 5
5699 16
2268 6
8009 5
8474 29
188 32
4106 100
1236 10
4580 5
9616 7
3329 7
6625 89
8442 81
4412 39
3743 84
264 82
837 100
6183 98
2704 76
1661 100
8268 89
5471 89
1294 100
6491 98
7312 100
7721 78
2927 78
8027 105
8880 82
7186 84
782 40
3066 70
1131 95
9134 82
3360 85
904 76
79 83
5034 43
8454 78
6678 99
3422 96
3690 96
2391 108
2907 92
9064 34
8269 46
7344 90
7018 75
6554 99
5786 36
5849 80
4225 62
7836 84
657 90
2117 70
9289 82
46 85
9083 74
3618 70
4135 76
7767 60
4879 78
4589 25
3769 37
3425 47
4064 8
5599 67
5733 7
6187 5
3741 7
7934 39
4449 9
981 18
2892 29
62 8
812 23
6664 47
6925 22
7677 8
3325 7
8771 53
7548 47
3652 11
5868 29
50 12
8753 29
7094 33
60 43
78 6
7513 34
3781 58
2222 5
4762 5
7343 40
2500 62
6459 12
8060 15
9312 78
7552 67
811 51
2829 7
605 25
8955 11
7960 15
4172 14
3128 23
6920 86
5850 35
9525 37
337 30
951 17
9947 10
5418 63
930 8
8860 9
9649 60
2874 68
8521 23
7769 88
2201 34
653 67
2173 8
551 22
6368 13
1623 38
5630 14
2160 88
3401 81
1440 64
1806 47
5486 6
2394 9
3653 77
9370 49
4152 90
8783 94
4730 20
8850 12
9246 35
1485 50
1755 29
1669 16
2353 99
7594 25
7100 55
2205 11
3612 38
9743 39
506 83
8303 7
9260 63
3493 72
9862 10
814 28
5320 22
6778 6
6358 6
4212 10
5435 21
7524 52
2026 65
8396 15
277 10
6777 11
3157 12
5633 10
2386 18
9462 26
4035 25
1278 99
7401 88
9539 100
8779 100
141 96
1486 99
6560 90
3635 72
3203 90
3294 83
7504 37
8650 52
8522 33
8750 32
698 53
1978 60
2090 89
6462 35
4045 66
7725 59
3204 33
5319 89
8948 74
6474 85
726 96
2352 100
6943 83
1697 45
7115 52
2480 90
7675 39
1021 49
3075 67
7777 52
6072 52
8537 91
3038 81
610 61
8550 100
3939 99
405 98
6816 97
9574 100
7572 96
9784 78
384 99
9219 98
4739 100
1461 98
2775 91
6719 94
5500 81
1810 71
2705 78
6271 52
9182 87
9006 62
3481 36
6242 40
8444 46
4191 65
9321 86
6018 77
7399 34
3570 36
3636 71
4737 99
3367 100
845 100
6627 95
71 82
3927 98
8436 97
9098 99
1980 100
3682 35
503 48
9078 41
8855 88
2954 66
9411 54
6175 48
8803 39
1445 34
7591 49
9160 62
751 99
1826 95
2589 99
5391 91
4335 40
9732 82
80 84
7657 67
1523 52
8837 88
4529 66
7253 33
4104 34
480 39
8079 56
5007 50
8574 38
1918 41
1208 35
3063 40
3559 34
7955 95
9405 83
5974 89
1934 96
3727 89
1476 100
1910 100
8287 70
2796 87
6780 43
3872 47
3992 84
9958 98
6767 45
3616 55
3526 55
9057 33
8790 42
9347 51
518 54
8450 49
4859 39
5748 89
4459 48
6581 69
41 42
646 50
4801 32
6917 41
9804 44
1281 46
2808 42
6714 81
9642 44
8887 65
6672 34
6173 38
369 37
9173 39
9337 35
4866 35
2960 61
3528 78
4294 53
1462 70
9640 98
5372 97
6440 70
874 70
792 78
7381 82
6751 100
7683 86
2348 86
1969 99
8551 97
1448 97
5821 88
9922 37
5548 90
3252 86
3670 98
1120 79
7412 87
3206 90
7843 83
4808 65
445 49
5024 62
7070 89
147 68
8885 86
1828 7
8937 48
8970 26
1490 14
4971 68
8814 20
9044 18
6811 29
6414 47
340 10
884 10
4909 38
3378 25
6488 7
2525 50
9335 8
6882 13
3894 6
2100 5
2461 24
3055 15
9153 43
3469 15
8555 71
7295 27
2156 5
9329 12
8541 8
4372 8
4261 5
476 19
7457 7
1731 12
6288 15
8076 27
7000 29
8525 63
7632 26
6184 14
2286 20
5174 54
9138 10
1160 5
9659 35
8869 13
3273 30
877 6
522 15
1595 11
8651 64
7822 10
9598 75
2843 7
1106 25
3801 96
5776 17
7900 8
198 65
3390 14
5720 17
7559 15
2821 5
8915 15
4290 7
9435 11
403 15
8489 34
1987 10
6076 52
4901 19
8700 12
4202 6
4227 30
4174 27
1684 28
9993 5
9739 46
8462 18
2860 16
4472 5
9356 21
759 16
6649 58
3051 16
9357 12
6496 16
1022 6
6839 5
7647 11
7906 39
162 13
5928 29
9765 13
1840 8
7456 52
6283 19
5354 10
5558 75
2576 56
6298 15
1507 16
2003 6
9449 16
4625 8
2709 11
1671 26
3729 32
7917 6
8713 21
8824 9
9008 22
6703 5
9511 12
9857 15
6590 13
4920 14
7652 8
6246 11
7078 21
4609 35
6842 60
129 32
4089 90
3971 5
899 5
5261 35
5304 9
5366 18
9245 12
434 24
9413 24
9071 67
7435 24
5384 12
4460 15
3405 7
5684 49
5074 6
1403 53
1211 20
7597 14
4489 9
8357 17
6299 30
7008 14
8911 7
8871 21
3201 13
9748 15
9641 18
7919 17
3124 5
784 20
4767 10
4856 7
1071 6
9162 25
642 9
3643 7
5966 43
1812 32
3950 12
2465 16
6145 6
4116 27
7611 12
1067 8
1434 47
98 27
7432 7
1441 6
5155 20
9302 9
4084 27
2511 15
3541 8
5836 43
7113 11
4003 68
492 40
2315 20
3013 7
3426 23
2645 5
2114 30
7803 44
1959 18
7461 30
2225 43
7662 17
8797 5
4618 19
2133 16
4083 85
8294 28
6805 5
1384 9
2085 8
985 8
3352 12
23 32
7153 16
5011 20
968 23
2858 7
8702 12
8980 14
1972 9
7687 6
5405 26
3515 6
1613 7
4970 7
699 8
5380 44
5747 13
6457 5
7366 26
4448 55
5514 6
8271 6
4232 8
4384 23
3804 26
1333 26
297 9
406 13
7015 8
2320 5
6498 6
280 45
7961 47
6335 101
5973 83
7322 111
287 78
1224 80
3676 73
1246 93
1429 102
7768 84
961 70
1777 45
5580 40
9279 42
3238 32
7393 70
1853 101
737 33
8910 59
158 68
7272 41
641 37
1965 99
3819 41
4584 38
6680 64
973 49
1833 44
6663 36
6161 40
3180 36
4222 58
7430 36
2938 47
3525 52
55 64
1279 53
5734 43
7794 41
3215 86
2151 52
3490 43
9924 36
4185 66
9576 80
818 83
7871 68
3308 66
3944 101
366 48
3070 12
4490 67
7629 76
4329 17
3258 25
1209 5
5789 44
1849 54
9060 36
4967 21
7284 22
2678 18
4165 55
9746 59
3198 17
8571 25
5263 73
9459 40
1712 62
6998 24
5578 7
9566 12
2974 39
1469 35
8634 82
2364 68
1591 43
2142 8
8002 50
8044 8
9676 42
5819 53
1742 25
9010 39
1897 39
2922 11
2176 14
3713 76
916 37
9460 13
9882 24
378 6
7728 24
9050 100
6351 49
6579 32
9220 24
5431 5
9650 77
45 48
2799 59
6659 61
2889 11
9392 9
9019 41
2640 43
6463 36
6559 28
2770 81
6958 94
4718 99
5183 41
903 34
1809 101
827 82
8458 32
5685 87
1520 90
4318 83
4483 52
3847 53
857 52
2326 90
2648 36
1836 62
2698 100
3286 99
7175 99
1028 80
6713 100
2047 106
2533 100
1127 100
3333 73
9142 97
6528 89
1043 84
5935 16
9166 18
9009 13
4021 8
7899 22
4566 14
1277 56
8547 7
8244 19
1271 43
7512 5
552 19
8183 10
7868 9
6178 35
1769 9
1565 5
1778 21
2496 6
7857 10
4768 13
4556 11
6736 24
3905 19
9938 21
5079 9
1718 9
242 7
2729 54
4140 17
4428 46
2721 11
1075 25
1351 75
8591 19
1234 26
1692 5
7427 8
4413 9
3099 15
8425 8
8102 21
4633 9
7863 22
4933 8
5078 9
2419 14
6122 15
3228 7
6116 61
4654 9
9421 11
4299 12
295 5
2208 27
8282 21
9927 10
4414 75
9821 12
1103 9
7666 88
8938 61
5466 12
7941 25
3327 7
2935 22
8493 28
582 6
5420 11
7999 26
3637 10
4525 12
5895 24
4941 7
6652 6
5288 21
179 10
8618 23
5243 24
4279 6
9303 5
1839 41
2463 18
9400 27
4343 11
2574 22
1149 7
2008 39
9043 7
7820 10
8845 22
5352 43
8192 6
9741 26
3502 7
6716 7
2672 14
1774 8
5838 6
411 15
9047 6
9127 33
9792 21
6420 30
2516 14
2995 10
2970 58
7356 9
6114 27
7736 82
6272 36
1414 11
5646 12
467 5
8407 26
7607 9
3668 29
3869 24
2116 6
3088 14
3349 11
8694 23
4956 27
1802 11
9322 5
5510 22
255 29
7898 18
9907 10
6408 13
3735 25
9406 39
4685 21
8026 61
3862 8
2489 30
3778 9
3598 7
8561 14
2683 6
730 6
1048 24
5919 6
5388 14
4479 10
5080 25
2618 25
6913 25
7697 29
2592 7
1388 30
2073 34
6323 21
4582 25
4025 20
7695 7
6410 13
7445 11
9278 16
6086 25
2431 6
7489 11
1830 33
4715 5
1513 13
7446 18
4426 22
3330 26
5853 14
1361 16
1719 7
4438 17
4913 22
7468 7
4431 74
4642 13
810 10
9740 55
6465 5
5825 6
5606 10
21 12
4408 5
7480 5
2658 25
5809 21
1368 23
8429 12
1877 11
6556 16
5618 8
2523 9
2457 13
6770 9
5806 20
4569 15
1397 24
3510 70
876 12
2423 48
194 7
521 17
5962 27
9299 21
2377 12
1869 28
4303 22
1904 11
6808 13
9730 29
1453 27
7816 25
5884 13
8420 7
8398 33
6614 12
1568 16
3752 98
5767 15
7713 7
6466 20
7954 11
9076 8
3358 22
616 7
8769 72
1724 75
1781 11
5999 9
6793 64
4595 48
6423 62
5090 6
3123 5
5408 9
925 18
3475 19
2337 50
7 9
8576 14
8360 44
9022 7
6 29
2112 19
3771 25
9706 15
9524 43
7475 11
1358 26
2077 59
1643 10
741 47
5969 8
4790 21
8312 67
2484 36
5547 56
8985 42
6416 57
1339 43
1880 37
6535 53
5631 33
4530 53
5291 72
9914 56
8903 62
2492 34
12 47
1432 46
7392 41
6172 36
8965 77
7903 39
7413 32
6409 40
3929 62
742 56
1221 54
9053 81
1942 40
8866 39
4833 50
5822 73
8991 99
4074 89
4246 94
529 81
1033 78
2898 82
9383 87
5940 90
1268 71
9345 81
8403 81
8610 79
4133 76
8663 71
8342 86
7543 89
4482 80
2784 85
2488 85
7655 45
3374 35
7417 76
624 64
5524 82
6947 68
8905 72
6985 98
6261 39
4267 69
1841 44
1716 36
1672 65
4935 77
6454 57
8874 60
7364 69
8802 38
8173 50
2832 37
4604 66
7241 89
8897 66
2644 35
3748 62
3267 65
9291 90
3611 33
9786 36
2344 40
1884 35
9535 67
6525 45
3512 37
9806 39
7654 51
8285 95
9221 63
9599 36
6386 88
4707 45
471 32
5160 33
124 65
4918 69
3211 44
3014 71
3460 50
5651 34
6855 95
6164 97
8374 79
2508 87
3898 83
6074 83
1905 87
4309 100
6549 91
4100 85
3848 87
1189 88
6894 89
3292 87
1409 77
6258 99
2170 27
7814 16
6540 19
6096 17
7764 8
8616 13
8329 19
3147 73
5765 35
4781 5
2139 5
9020 28
833 21
1060 9
5662 22
2324 5
3114 9
7867 13
1167 32
7612 90
1124 26
247 12
5722 17
1593 38
7590 8
1040 23
9984 18
941 25
3545 24
729 13
4743 47
9756 89
3739 18
9785 24
937 14
6002 8
2482 11
6117 6
8460 16
5644 20
2217 27
3240 8
8800 15
1415 22
8711 37
5 6
1118 12
4474 14
2630 7
6626 5
6203 18
7788 23
2060 12
5977 19
414 16
4997 27
1169 46
4350 14
5986 9
401 28
1435 7
7517 5
2279 30
3863 41
3332 14
235 9
6123 18
6318 29
4170 32
1887 14
3686 12
4498 29
5085 8
4985 29
2928 12
4690 6
3577 22
9972 22
6937 26
318 5
1083 9
9556 6
9711 7
8410 26
3142 10
8823 14
8846 6
7342 22
8389 18
1401 10
3034 8
4206 10
1817 6
4266 39
8418 10
3841 20
7618 6
5170 7
7372 7
2993 54
6926 15
7509 16
1723 28
2404 7
3711 7
3295 15
1340 5
6979 12
1665 5
2066 28
1044 17
9842 27
3782 24
4134 6
7260 49
2195 18
2412 8
2042 81
6796 5
9548 24
7861 25
3953 6
5324 37
5172 98
7690 42
2082 5
29 20
6081 23
6846 96
4644 14
6170 5
67 29
9495 17
6062 8
2471 16
1857 6
4930 26
3210 36
9628 29
6199 7
39 5
5190 13
8620 14
3217 21
3943 20
4008 8
1642 19
7872 8
1531 16
3593 11
2290 8
4381 6
383 8
8019 7
788 8
47 11
5689 15
7394 13
1819 11
2882 14
9125 9
8273 15
5877 17
9336 6
3363 12
5262 5
7869 28
4558 54
9272 6
3272 30
5393 37
5201 34
2157 23
7660 11
8077 16
3974 10
9849 5
307 23
3537 56
7989 8
1515 6
375 5
1943 11
2333 5
8223 28
8391 17
9385 25
9776 19
5450 67
3854 7
4034 7
1299 52
5363 6
1964 16
8888 30
4060 7
8085 90
4763 29
7067 8
3876 17
8408 7
4146 7
4523 12
3740 9
2459 8
259 50
7942 8
9401 57
8695 26
4119 27
8370 30
5250 39
7821 11
6251 11
5102 35
5006 12
3873 38
3770 27
1385 13
8570 7
5810 12
6999 24
7285 27
6071 7
30 28
3397 39
8041 11
1172 10
5455 16
7490 10
4470 11
218 11
2602 6
604 12
3947 10
9243 25
1463 28
1805 19
6495 28
1141 8
2048 100
8524 6
22 29
1134 32
4155 25
6609 24
7935 5
5589 5
1228 12
2599 10
6014 6
9088 44
4068 10
9956 21
6442 23
1470 62
9338 15
3471 97
7405 26
3500 57
7717 38
2395 10
9940 37
4320 39
4499 41
1722 43
3222 43
9615 17
7605 9
4307 11
8207 9
4241 22
5682 52
1425 21
7726 52
5308 70
7734 54
3423 33
498 7
97 32
2641 97
2557 16
7544 36
1012 5
7250 40
3595 16
1499 60
2241 50
1678 74
6336 42
8642 10
9479 76
2738 67
1585 25
7696 6
2719 29
5515 62
376 18
3000 47
8733 32
2 6
9674 56
9139 6
4862 5
4857 26
419 5
276 40
321 11
3112 13
9919 7
8381 90
6695 39
1226 42
2751 50
6089 15
7396 26
9747 16
612 33
8203 6
813 17
1431 8
3021 15
2608 43
3087 8
9037 12
2844 51
4169 8
6411 41
9921 9
639 5
2451 42
5663 9
4999 96
7173 89
8657 72
9779 18
1962 6
164 6
7853 7
7550 85
5876 38
5229 5
2541 16
4697 5
6210 22
3017 11
2356 20
5934 15
5963 25
400 5
6024 7
9461 16
7443 5
195 6
5505 21
8922 24
8907 8
8762 13
9665 15
3720 15
9571 46
5019 26
1449 45
4750 42
5872 7
8590 10
8356 13
2925 6
712 8
9644 23
2272 81
8090 99
2633 8
6222 83
5794 6
2235 10
3979 12
432 22
5972 9
9464 12
7864 17
5378 7
8738 6
4793 18
6620 13
2044 65
885 8
628 5
2757 14
5637 8
7234 13
9216 5
8680 20
2744 7
8720 13
2331 7
8017 10
9855 18
4272 23
7336 13
7733 26
9939 57
6964 35
9653 7
5536 7
478 8
9146 14
3667 5
5569 16
8736 13
7286 8
7860 23
523 7
5055 11
5735 15
3857 20
9025 11
1293 6
5664 68
5365 35
9307 16
8568 10
1404 12
5015 6
7273 24
9636 5
8416 5
6759 18
4098 12
2253 14
125 17
8950 5
4171 19
9645 17
111 9
5464 11
6236 8
9510 19
3648 7
5139 17
6841 9
7555 6
7882 10
32 11
6608 22
8202 5
5163 5
8266 14
4809 5
1115 19
8363 10
5026 7
890 18
1280 8
6316 5
2577 26
6385 10
8773 23
1847 6
924 11
429 17
9206 27
5133 15
2869 35
1286 11
6843 84
2552 21
3304 53
8155 14
900 39
1992 23
4983 79
8295 41
3723 12
8030 7
5917 7
2626 29
7172 6
2983 9
7644 13
9187 12
5904 5
2611 21
1727 7
3969 12
3398 18
2914 42
766 10
8431 25
3023 26
8121 10
407 8
2605 11
9211 12
6853 58
3080 28
5041 51
4415 21
7549 7
8479 13
6061 8
5527 10
1851 66
8320 18
8106 12
5475 19
5473 18
1182 5
7305 21
2826 19
5249 15
3996 8
9719 27
7170 9
4687 16
3728 24
5219 11
3173 6
8924 18
6969 6
5831 14
109 11
9496 6
6084 8
1589 6
4814 5
9017 14
4423 26
6223 7
9027 32
8472 11
6029 5
7296 5
9183 34
4764 5
8625 35
7799 26
7595 11
6156 30
7467 8
3241 5
2676 51
9679 27
4339 5
9602 28
3091 12
935 9
6978 8
8805 18
7451 20
4000 6
7573 7
8149 41
8264 12
6182 5
4611 13
7959 30
8495 28
9491 8
2715 25
8306 47
2037 14
6285 10
7326 6
6151 22
8939 14
6379 7
7470 22
4393 29
626 27
1170 8
8316 12
7101 22
9989 6
9620 5
8875 17
7897 8
5967 9
6691 97
4122 91
8197 94
4917 76
1574 52
717 11
9409 38
5151 42
8215 68
7169 56
2154 7
6524 35
7718 36
8660 32
4964 55
6103 43
7812 48
618 32
7267 32
5439 57
2773 37
1977 35
9815 51
3056 36
8168 40
3148 7
3359 34
2198 16
8372 68
9228 66
6352 64
6795 44
622 48
9199 39
1144 15
6247 38
9281 70
5596 5
3053 37
3307 67
9452 74
9890 38
9063 47
7614 34
8351 69
1108 46
5931 58
8238 89
14 104
6749 6
5729 49
3195 40
882 8
4722 22
9380 19
5616 25
8024 18
6004 11
8842 29
8580 11
2454 20
5993 19
161 13
8788 10
5990 12
398 34
5092 7
9488 21
6700 6
6455 10
3957 39
6396 7
2065 5
4022 11
4526 24
5553 19
2932 13
9752 6
4156 35
1001 21
4978 9
7154 12
7596 41
9695 14
4157 18
2046 20
1894 14
7315 18
704 8
9750 25
7681 5
8789 7
9624 24
7369 12
4215 54
8373 5
9156 25
859 8
4518 58
4898 18
5899 26
4524 34
8228 5
4675 19
1479 8
7357 8
1970 8
4385 58
848 7
7064 35
5280 17
8962 23
1049 25
9830 23
1804 12
2573 10
559 5
4088 26
560 10
5065 6
3574 44
9501 56
1530 41
1675 22
8721 26
586 17
2529 13
945 59
4549 21
7382 13
8811 38
608 28
6427 7
8667 15
1878 27
9822 6
2887 9
8510 5
9471 6
7873 30
2806 10
8321 9
8480 19
7079 10
9049 20
6307 6
4596 28
9250 65
1776 34
4056 28
9472 66
9369 8
4244 13
491 5
6127 6
8032 52
4026 6
3968 17
5874 17
5383 51
510 5
7613 29
6742 14
2791 40
1856 8
9367 9
1743 12
7748 10
8727 5
4536 16
1629 22
8072 13
517 51
2915 14
9959 17
6393 11
2780 12
2822 7
2923 11
8825 20
5056 5
1957 20
6591 24
2452 18
77 15
2469 11
602 8
1657 6
4721 12
5887 16
1646 84
1502 46
8583 7
7363 22
8900 34
6552 10
6889 5
9721 6
7365 47
8069 10
6650 15
4494 22
5782 6
66 18
9955 52
2255 49
6527 10
9905 6
9879 9
9826 71
9234 27
7813 6
8532 7
9802 26
7181 24
5332 16
6404 5
9158 18
6789 6
7204 9
9889 61
7317 30
9610 51
9925 6
6586 81
1584 16
4441 25
8953 9
1176 35
1571 20
1834 13
5924 35
4848 18
8931 40
6147 7
9951 8
5557 23
6400 16
9953 7
2692 5
8477 6
6313 27
6681 6
6606 6
1784 10
8708 21
2177 6
9313 51
6692 27
4469 42
2793 20
8426 6
4211 13
4007 98
8065 30
6733 24
6478 6
4121 40
7112 39
7009 48
1104 38
8670 34
2849 55
7994 35
6456 100
5381 66
2055 40
1559 50
1694 44
3159 61
5732 34
3940 62
5298 57
1121 55
1138 49
5496 87
1220 85
168 47
9117 86
389 9
4405 11
3494 43
1304 24
9155 12
2203 41
3531 7
2143 10
7866 35
6144 45
4527 11
7902 5
1386 5
3766 5
1065 61
6668 5
8904 6
1865 8
667 29
2424 28
3404 20
1875 41
8826 11
4292 15
3168 23
2260 39
7895 17
7587 15
8945 8
1945 9
9325 5
1569 12
9423 81
7268 14
7724 65
5410 9
3573 5
4869 35
2506 7
6565 61
8605 35
9319 37
6163 59
3047 34
6060 5
6097 9
3164 15
825 20
1721 16
1426 6
2400 19
1168 23
6348 41
5346 26
7190 6
9054 14
6181 24
7539 7
9271 85
508 36
8994 37
2257 6
9377 13
8188 54
3707 24
3342 7
9762 7
4637 6
5449 84
7038 26
90 6
6667 17
8013 14
6697 9
3009 38
5661 20
5458 28
8740 20
8435 6
8492 6
7092 5
4107 11
1522 27
2183 54
2238 41
7330 5
575 8
2432 6
4847 24
8584 62
9437 11
1345 9
4640 34
6854 12
4144 9
781 24
5448 18
473 11
9171 12
3059 8
6324 22
3832 8
209 16
6179 22
5369 12
9664 23
5607 16
8023 18
747 21
3831 14
1216 20
9100 24
1758 100
5217 16
4503 15
1056 27
8804 54
8267 21
1838 14
5749 26
8231 18
9261 37
6779 9
2376 7
4017 37
603 22
4154 32
3454 12
306 18
7263 79
1725 26
1691 5
7227 5
3024 18
4314 40
1377 35
524 48
3179 6
6229 24
962 5
1050 12
9443 5
2975 79
1704 5
3464 15
9758 13
7397 13
6125 14
416 25
4871 23
248 8
9606 6
5854 22
8949 25
3546 44
5841 7
3880 8
1787 76
4826 11
8388 14
3449 15
2360 21
2163 6
3177 26
6833 49
1186 6
260 9
2204 38
83 65
5117 13
656 21
2804 38
2191 82
7663 22
7795 13
1185 5
8641 69
6132 10
7348 8
7624 27
4220 7
9444 10
7134 15
1855 8
2266 12
1178 11
5632 7
9273 24
9318 30
5870 8
1597 12
9344 15
9077 37
9189 21
9805 21
6633 18
8211 10
3538 15
444 17
4884 9
4311 5
2083 9
7086 26
3877 24
5828 16
7706 5
7575 8
130 30
9456 48
5333 15
2955 9
2435 9
8619 14
8062 11
3761 19
1525 18
7879 7
7026 18
7017 28
7167 5
6693 41
9877 72
1711 16
6942 11
4396 30
7645 15
7230 80
9294 11
4399 8
1908 28
6531 7
7109 9
1290 12
7609 5
9257 11
6638 25
8067 15
9736 7
7340 51
3553 6
9605 6
6067 11
6898 99
8298 5
4432 14
9152 14
8728 14
8353 18
1393 17
3886 5
5480 11
5537 41
4506 21
7473 23
7846 16
8509 81
1619 12
9453 10
6185 14
335 11
5878 26
9005 10
7254 21
4824 18
2346 6
3102 54
7214 7
775 22
1270 30
1815 5
9343 9
4959 6
1003 14
4963 35
9683 37
9933 13
5472 7
9305 13
9143 25
1552 44
3718 17
2665 5
4377 12
2148 19
8870 47
7128 14
2034 12
596 8
6017 43
1179 12
2735 9
5708 14
4058 10
6215 39
6485 10
3400 30
5907 7
2965 5
1313 22
1197 9
7292 23
8612 11
4072 40
1858 42
1751 54
3141 35
8116 88
9051 100
9179 81
6109 43
6689 74
4528 86
229 76
8343 74
8465 99
574 100
744 100
7313 100
7682 98
7703 99
365 43
5736 79
7560 43
4948 74
2813 93
8055 55
967 73
1578 34
5730 99
2059 53
1347 79
4061 14
4480 14
2118 58
6574 42
2680 7
5982 7
236 19
3620 51
619 9
3498 35
6078 43
4330 20
1936 18
7004 15
9433 100
1396 13
8785 16
9482 27
9565 6
8622 13
5755 5
2442 17
3663 25
5846 9
5166 21
4563 18
708 48
5516 27
7841 11
2220 27
7540 48
3518 14
2572 19
6418 25
9685 30
261 7
5037 49
2499 38
5296 100
5725 42
694 12
4375 39
8621 13
6448 15
4368 26
2905 8
4680 39
7750 35
1605 32
7158 20
2032 50
6174 7
8808 74
4308 59
3265 30
4599 5
2335 81
2292 5
1011 68
2390 9
3427 6
4664 5
3415 5
2054 10
7137 6
6443 19
6328 46
9582 5
9040 15
847 79
3136 17
7478 14
243 87
7862 15
5858 45
4798 5
3237 99
475 32
5545 78
9631 61
37 6
7452 39
8816 17
1929 9
1606 25
531 52
1760 11
4436 13
1282 43
3732 77
7936 7
2483 23
3453 11
5184 64
9012 15
9113 7
9625 8
9817 72
9780 9
745 51
8974 5
9355 23
3952 40
7142 46
5793 10
2410 30
2113 6
647 50
8335 29
8336 11
9726 5
181 22
2785 10
843 18
6101 9
5115 100
6033 89
7387 78
3824 70
2992 73
6781 88
6768 89
1701 98
4895 81
8679 73
3144 96
9394 90
1989 84
3421 24
8133 7
3619 21
3654 17
1941 12
6140 87
7308 14
4835 5
8862 15
8225 46
1004 25
5463 11
5254 72
8018 69
6401 36
1748 72
9286 16
5070 6
3811 41
2790 24
2911 27
4753 53
8463 63
2749 9
4693 7
3062 6
4701 19
5031 22
6973 13
6605 9
8247 17
816 11
2953 53
5869 11
7570 5
9954 5
2878 15
3281 6
7488 19
2406 45
2123 5
5635 24
4688 6
6929 47
9551 39
2153 19
9766 23
2916 19
6734 27
2313 32
587 11
3551 26
1239 46
2763 27
342 15
9670 14
1726 73
8927 6
740 12
3178 14
1837 14
799 9
6433 16
993 22
2750 25
1572 11
159 44
4623 15
5141 8
7207 7
2870 11
2372 63
8983 6
4949 9
8057 12
649 11
4302 12
9707 35
7892 73
362 6
9026 6
2378 11
2104 43
2767 7
2601 8
6870 9
2244 44
6470 23
469 18
5253 15
3335 15
5937 48
7050 26
4785 38
8034 14
4699 44
7325 88
4631 27
8707 96
84 13
3571 12
4043 7
6207 28
6245 89
1473 8
4439 22
1509 12
6322 36
8653 12
875 62
1245 7
611 53
3554 12
4714 12
3394 50
3455 34
1736 100
8198 26
4937 10
6022 28
971 11
5443 21
2318 24
5529 16
1073 18
137 16
9876 38
7497 17
4946 8
448 6
4491 11
6876 15
6216 9
6935 13
4136 16
2985 16
8222 24
5005 25
1713 53
4667 54
408 14
2325 43
1070 6
1971 7
3031 8
6095 8
8864 29
1327 33
3410 27
8172 6
8169 14
9735 63
5625 20
8482 9
7202 35
7950 51
5009 23
986 6
6431 14
7208 5
9415 28
2061 33
1546 10
3328 57
3457 32
5706 6
1541 6
5626 21
8301 10
4612 63
441 8
8658 26
451 6
8981 5
9099 33
3399 10
9979 21
6849 34
6910 22
8635 14
2754 18
6275 36
433 6
577 28
5400 44
5239 21
9165 67
8470 50
7298 23
8703 16
9774 20
713 7
4027 86
9480 36
7424 46
2323 5
5386 10
9359 5
5147 6
1517 8
7450 6
1035 35
5947 13
7373 18
1686 7
3207 40
1681 12
9923 12
6142 5
6955 42
2365 30
1596 37
493 7
1818 11
7449 8
8770 16
8098 5
3721 23
6883 5
4015 8
5791 11
3287 17
9858 10
3220 14
5577 18
4289 20
4176 30
6666 18
2651 7
7057 39
8433 60
4182 28
915 18
4189 16
8210 11
3140 18
2485 40
8105 20
9069 15
4193 10
972 6
3915 13
6080 34
1702 5
6599 6
1872 46
6761 51
1099 74
1891 35
4603 15
3520 17
3413 63
1864 6
4113 47
99 8
8337 60
5842 29
4800 10
3973 82
9492 12
7168 8
7310 71
7780 18
532 36
992 7
7453 56
7738 5
4159 7
336 43
1682 48
1312 55
8199 53
494 45
3966 30
8110 15
6526 57
9470 61
861 14
8097 5
4181 19
3120 35
3655 17
9114 74
9424 17
2278 8
4874 57
1553 11
6300 40
6106 14
6171 10
6035 25
2540 34
6458 21
7331 6
9694 17
5264 90
3860 101
2436 99
2747 32
6799 67
9237 37
6424 51
3 44
8443 51
6278 66
6286 47
8542 53
4577 54
6580 45
8122 48
3803 88
9455 43
4593 46
8221 76
292 82
3783 59
2855 90
7889 93
3691 83
9330 99
6274 98
7353 100
5860 90
8706 56
6234 37
2038 37
4455 90
4248 58
3889 78
8820 61
5340 41
2347 51
752 36
7274 42
4031 35
5832 100
7280 63
6646 44
3995 47
5716 40
1746 46
8828 46
6380 93
2816 50
4471 39
5220 97
1122 103
1557 82
2684 93
1367 59
9282 35
6257 54
607 48
5107 46
3881 41
5539 43
7157 66
1667 47
8851 34
9515 99
3133 100
947 81
7626 92
9975 72
9916 102
8716 77
5058 106
3784 94
5952 90
2951 46
4233 32
9115 16
8125 9
1648 53
4160 18
9364 5
4013 10
5795 10
2486 46
4777 25
7651 9
1889 11
1465 19
5564 14
2259 7
3166 6
5549 19
9201 21
5202 34
8639 6
6570 23
3631 69
9256 13
8128 9
2952 13
9116 28
3230 7
8446 5
3348 12
5865 15
625 10
6727 7
8815 9
1698 18
9839 14
1054 7
866 13
9214 6
2051 15
5357 29
2001 23
1579 20
6895 10
8867 13
6057 11
895 9
4570 7
4993 25
6825 10
5234 10
822 11
4771 8
6429 10
4672 17
3357 7
627 29
6486 18
1322 27
5542 8
3753 10
7668 5
4127 38
1958 46
7213 7
6267 5
3197 6
2339 9
222 15
1738 6
2834 61
746 18
4286 6
9820 27
6403 16
1380 11
9771 20
3634 8
2661 12
6931 25
3351 5
9161 7
5921 11
8798 42
11 5
7553 10
442 7
6530 19
9185 28
1329 12
5692 21
7244 61
3858 46
2329 87
697 9
1739 7
2752 11
2701 34
1325 14
7534 38
4030 14
8690 23
8501 64
7762 60
2321 16
7035 7
4905 12
783 5
5012 6
7388 72
3086 12
2164 19
4651 85
1863 8
5256 10
4398 8
5251 12
1350 8
201 6
9508 13
6597 5
8323 65
9840 55
2245 8
2407 10
4486 16
7518 10
6686 27
8954 14
1679 6
6297 8
4336 5
3262 5
5567 14
3962 16
1447 9
519 28
8886 11
5587 15
4497 7
8852 57
8137 10
9180 22
4062 17
4505 45
6055 5
817 28
9660 16
1900 89
4674 35
3560 6
547 12
7778 10
7068 23
4621 7
6105 6
6712 16
6399 15
2711 16
5244 17
8011 14
1392 11
8191 12
579 8
7610 10
6536 6
846 6
3757 25
928 7
3789 34
4042 27
4747 13
9677 28
8012 62
4894 26
2610 6
5614 7
1652 12
8752 9
9328 18
2526 5
2341 6
6240 12
8674 13
329 9
3435 32
3941 19
5165 13
4804 25
74 21
4921 5
8666 10
538 23
8511 33
5493 13
6578 33
2351 23
630 9
5322 19
5941 17
6891 5
3283 5
2776 23
7200 11
1136 8
2251 29
3726 6
8742 9
7252 5
4852 12
3746 14
1496 50
6829 10
113 18
8508 20
5148 18
9701 10
3684 18
1892 19
8784 23
6634 15
3730 13
6837 6
5526 15
9597 26
2263 18
9255 44
1187 13
1653 17
3497 24
5757 27
673 7
4926 23
5344 9
1303 6
1926 10
3716 12
2053 9
6812 26
7278 16
6129 16
9600 16
108 18
8135 19
1207 16
9873 21
332 7
4773 13
7249 24
5343 99
4815 47
7566 76
2045 81
7937 100
7360 95
8530 65
8594 70
4270 86
249 48
5983 55
2824 88
7084 33
324 35
6773 88
3456 101
3827 38
8278 72
5421 99
1036 60
8292 87
7916 90
9836 98
1528 75
5721 99
8739 70
6847 38
4376 36
5523 35
3812 57
9658 44
3244 62
4332 71
4214 51
8872 47
2635 42
7299 97
4976 83
6025 36
6619 32
5336 76
8402 44
567 60
8964 55
9061 44
6690 44
1873 61
9164 46
6765 35
4853 35
3072 39
3671 34
6610 64
8611 45
5525 39
3149 34
8529 53
5944 60
5276 42
1433 36
681 58
5084 44
6312 43
6851 47
9350 73
3907 93
4969 48
6131 82
1816 87
9963 34
1521 58
4708 44
3700 57
668 32
9689 68
4774 67
8423 43
9476 42
6701 46
9944 42
4516 66
3438 97
8016 81
4668 74
2669 95
4401 87
1930 79
4406 60
4085 87
278 62
8704 40
4953 41
6611 57
4409 38
5984 83
2857 83
1451 96
1166 54
7704 68
5112 44
7294 84
4087 55
5150 35
6345 57
7460 54
929 59
1949 66
3391 80
9807 49
3122 53
6529 33
3278 56
6774 70
4546 62
8719 81
3385 49
7380 34
5213 86
3774 35
802 59
1498 37
2699 52
6388 53
6572 97
4502 34
9675 72
3521 80
553 32
514 51
5237 65
650 59
9118 86
5743 34
8817 56
801 54
3443 99
4138 102
6746 34
4925 99
2336 36
4676 77
7832 64
7627 78
8075 42
5584 100
256 98
6206 99
7277 86
9308 89
9135 99
1997 78
3628 89
5650 76
8986 99
3074 94
7192 98
6924 96
2524 94
7120 5
8239 16
5762 17
93 12
779 28
2966 5
709 29
7514 7
7021 10
9293 28
6341 10
3098 39
2343 20
7367 9
1314 17
7003 18
9727 52
2931 24
959 10
5469 5
9708 22
3788 9
1874 5
3312 20
217 54
271 10
6861 6
1066 11
9646 8
470 14
5994 13
5129 9
3734 14
3555 20
8806 101
3602 8
3362 10
7474 20
6012 23
2296 7
2846 9
2501 14
4203 46
7997 14
9174 9
7006 10
9363 35
6200 37
9136 24
1823 14
7135 69
2885 6
6676 6
7301 8
1076 82
9894 39
6204 22
5468 38
756 13
9339 19
2712 8
8512 7
535 9
2638 36
9846 54
6255 5
3387 17
6020 10
757 49
5552 27
4794 6
5530 7
6848 13
599 10
9662 12
2491 23
2999 17
1198 13
9168 35
5135 9
7081 6
7493 6
4990 9
8352 63
917 19
539 18
9034 8
863 8
6557 6
1545 14
4073 7
1381 64
6603 5
3487 52
148 13
1973 5
7515 10
6724 18
4607 9
520 21
4151 9
139 30
9666 26
4574 42
3158 27
5532 11
6753 10
3928 36
8109 16
223 10
5035 67
3878 12
7735 17
4931 18
5454 21
4383 26
3233 37
9527 53
35 10
2600 19
4839 19
3749 16
997 7
2670 8
5248 6
9326 25
7005 10
3674 5
3417 90
7143 18
6133 26
1338 28
7757 23
1427 19
2653 5
6195 7
5118 5
2888 6
1611 15
1928 26
9427 12
380 8
2901 11
8881 7
6176 49
9192 13
4450 12
2838 8
1027 7
5038 44
4422 25
3450 29
8037 16
2943 82
4910 63
155 21
2904 24
2018 29
240 7
225 6
207 22
3289 40
1088 18
9509 20
7577 51
6038 6
8304 89
4508 10
8595 57
5309 26
7206 22
4466 17
484 11
6007 20
9311 5
3918 8
5154 8
4588 22
3275 7
2213 28
2280 41
4009 10
6709 9
1455 6
325 28
1601 16
3948 12
8925 26
5670 6
9827 9
8929 15
1378 15
2398 32
3725 34
7420 10
5374 45
7823 26
505 6
8793 8
7741 23
632 29
3182 18
446 5
5783 15
1922 24
1259 14
3467 17
969 8
9585 60
7891 21
9872 9
700 7
8759 11
2607 9
1123 12
3477 11
881 20
7283 14
6813 27
1927 21
1212 50
3270 7
9304 14
5128 19
6148 6
7001 22
9148 19
9519 12
6315 16
6988 10
2174 6
5648 23
3300 55
9654 24
4078 6
8050 11
5968 8
3625 39
5533 5
1688 22
7242 8
9217 9
1752 12
5042 19
2546 10
364 9
7842 99
1920 97
7834 92
5779 63
2837 64
115 40
9251 57
3218 71
5179 86
7211 79
5091 37
3002 66
851 42
5845 45
9011 56
4568 34
6314 50
5059 60
2285 75
6266 64
2996 38
1341 32
7608 49
2814 86
6036 37
5194 90
167 39
8497 44
1581 69
6936 52
9558 50
8253 99
8684 38
4906 57
8761 81
8156 33
686 49
3033 89
3523 35
8248 82
420 48
9946 89
6425 46
2367 41
2135 97
8314 33
2493 87
1608 80
2753 45
6218 46
8158 55
8876 87
413 89
9477 88
3129 80
8378 52
4424 43
7011 89
9715 84
3280 7
4842 8
8476 42
5681 33
1594 27
2865 10
9070 34
3096 12
4940 5
2534 32
3870 27
5186 10
6896 66
9167 18
8279 65
1907 6
6049 19
9072 22
7505 36
1860 38
5540 5
4539 77
8315 32
4586 7
1101 8
4520 49
7781 9
4613 5
6558 43
1624 69
3794 50
9896 5
7223 32
4033 8
5520 5
9521 8
8646 47
3924 10
9603 5
8617 14
6082 23
2273 13
1306 7
9996 21
9998 32
2555 56
5627 13
852 11
7648 57
2039 7
8457 17
7390 11
7270 11
8020 6
4278 26
349 24
8533 9
2178 7
2503 37
9690 29
1097 24
8478 5
4716 42
1529 87
1038 5
7520 18
9111 20
7712 8
4435 9
2957 8
9550 39
2891 41
2234 7
8724 37
4741 7
8967 5
3768 82
9737 11
1670 55
6546 65
9950 8
3121 39
1452 57
8649 24
5247 55
6366 7
2000 13
1717 5
1164 19
1808 18
3639 64
3468 5
7561 6
5885 7
8572 21
7138 12
3656 27
6212 19
728 21
6135 22
8832 5
4727 5
6923 37
9052 82
410 17
3473 7
1829 26
6564 17
8518 7
1960 11
7796 9
3370 9
9850 18
7914 5
3078 16
9422 10
404 5
263 15
2188 10
7984 18
3209 30
9028 6
2739 6
9814 59
8004 12
6040 8
9543 21
4049 5
8575 8
2122 8
9800 5
7981 85
9376 6
8627 7
1782 14
5888 21
5111 5
6732 15
8387 33
9652 6
5603 9
3522 22
358 45
869 21
4228 23
9980 9
5949 5
127 23
6553 18
9208 29
6806 6
819 7
9769 10
1862 5
7878 9
9895 6
8636 8
7692 7
1191 20
5158 14
6213 86
5956 9
7123 5
6189 5
1175 28
5660 14
1419 12
2277 23
3891 5
7338 68
6079 66
2316 24
9793 10
4032 13
6397 12
913 30
8455 5
6437 7
722 5
140 8
5572 18
2861 11
4780 27
5123 19
9787 9
2989 12
7562 32
3600 9
733 10
6467 29
54 7
3416 7
4076 6
1754 10
347 7
4960 11
120 18
7196 10
2590 5
1147 30
5099 5
2310 5
6729 49
3623 5
3010 5
1254 11
2800 8
3341 16
2022 22
8021 48
5881 14
8171 9
862 7
5592 7
1364 6
4720 17
4605 9
2006 10
5760 6
6660 12
9154 26
9296 11
2101 9
3084 7
327 12
7318 16
2981 9
3185 8
3402 30
5790 66
9981 9
1291 23
5707 11
2697 8
7236 7
8655 11
2017 22
835 21
6616 24
5476 5
8748 15
3599 7
3505 16
5271 38
1587 19
7293 62
3641 6
8066 7
2594 20
6237 12
3221 29
620 11
2472 40
658 32
8107 9
9630 7
4608 6
2962 5
9503 17
7974 15
7564 6
27 29
4312 14
5067 62
2105 32
9140 32
363 14
8763 28
455 6
6809 29
1998 6
3044 28
5996 63
7140 14
1438 5
1362 6
7953 5
3276 22
4190 27
1708 15
7921 18
26 18
2119 9
7440 10
4545 6
1870 9
8296 6
4454 39
2464 6
2370 35
8988 7
8687 23
8528 24
262 24
562 38
9881 81
2613 10
9731 27
7454 21
4429 6
9408 8
2110 8
9368 85
165 11
7694 16
9702 12
7665 6
1192 11
1558 17
4881 6
3516 8
4111 87
9372 22
6914 32
1654 20
707 14
9531 5
7615 18
7226 5
9983 7
265 10
2340 6
6928 14
4112 38
4732 46
1180 99
7290 35
2071 38
9387 81
6996 34
3092 82
4295 35
3445 33
8413 58
2655 38
7845 83
6441 38
1966 38
9265 65
2288 40
3698 33
7224 6
4548 58
2723 45
2448 7
5774 60
6541 56
3050 34
3514 51
6901 33
5021 40
6419 65
8166 40
9692 11
7020 41
7593 40
7376 60
3326 58
3558 37
9157 74
1320 41
7099 55
1586 32
6621 25
3576 73
438 99
1029 85
6311 83
2852 81
4512 80
6600 89
976 100
3043 81
9661 88
842 90
3395 87
5621 90
6469 90
5231 98
1560 53
3887 73
3683 67
1446 47
5345 67
7801 62
9075 55
1583 38
8126 54
1542 49
3118 97
6124 41
5938 42
2570 81
8339 63
4870 64
2760 35
2199 47
290 48
3867 95
6406 95
3319 48
671 81
3532 35
9563 55
3331 53
16 67
8916 85
5339 62
3772 78
5641 59
2794 32
112 61
5406 49
2298 34
9224 42
5847 48
7698 70
7744 88
1335 43
5328 86
1735 95
853 100
5414 100
569 92
3681 99
828 84
7600 92
2504 86
7983 9
6268 49
7354 23
8818 10
6827 6
614 9
3365 56
6514 21
2871 48
2067 9
7087 10
8382 11
6115 8
5216 8
4207 12
2682 6
4858 9
3432 7
3706 14
392 22
7129 8
5394 9
2099 51
3067 13
7581 77
9445 12
7066 25
4340 10
8957 8
2973 9
8563 16
6994 45
6482 8
4665 8
1940 10
9943 16
9172 29
2759 14
7131 9
7496 16
3344 9
3813 16
512 6
8216 7
6468 7
348 7
3263 9
5395 25
1346 13
6052 10
9314 14
7418 5
9137 11
9595 6
2851 45
4251 21
2657 9
3155 14
56 46
6238 11
9875 10
2964 11
6887 6
5307 20
2909 5
6291 6
2908 32
5731 5
8932 44
8348 34
3722 44
8504 11
9742 27
5375 5
4892 7
7073 12
2240 9
9966 59
6435 5
4878 29
1793 8
5266 41
3586 17
3313 23
2717 10
40 8
3389 90
4421 18
9276 41
3890 36
4514 8
3190 63
457 84
1165 22
3279 19
550 19
1790 26
9212 62
7212 13
2283 17
2713 60
1269 55
6880 81
3849 60
6951 61
1008 10
6227 97
1231 45
2021 7
6644 84
1300 33
6705 10
6381 27
1091 17
8424 8
5929 87
9349 59
4594 88
7599 40
8224 54
1096 53
5028 33
7554 16
9434 48
9554 8
8977 84
9095 67
975 20
5818 34
4430 68
3076 57
8086 29
3651 57
1614 53
4442 81
2777 16
1143 18
5785 90
9795 37
3205 79
670 27
9204 24
4929 7
4 17
5763 8
8941 6
317 23
5827 8
5961 46
3383 53
3305 37
4161 6
4403 5
6281 99
6085 103
4370 32
1744 81
4326 87
7535 90
7012 97
3321 76
8656 45
4387 47
8863 97
7714 98
4276 97
5852 75
2033 98
7059 50
4757 52
3830 90
3409 47
1475 71
6346 73
8305 68
9755 42
4560 97
3594 63
8491 65
426 34
5350 64
110 37
8678 99
5188 82
9915 43
8259 43
2681 69
293 76
7160 68
4418 49
8675 76
8277 49
96 9
1895 18
5060 6
1308 12
684 12
4363 8
177 10
283 6
3035 10
3162 82
7118 60
785 23
5700 39
3377 65
1468 9
3552 14
821 57
6615 73
8585 20
5903 11
458 16
5568 10
8361 59
6262 10
9502 29
584 53
2456 39
9342 19
4180 7
9120 6
6394 8
5002 39
8170 40
5331 46
5429 9
8606 12
5043 30
3506 46
7341 5
1801 7
8167 12
9586 18
4590 5
8744 12
3150 57
6983 14
8195 6
9845 24
9803 21
5555 33
4916 12
795 9
6428 13
6824 23
1006 37
6497 54
8145 67
199 25
2248 6
3871 30
5353 61
2212 23
2903 28
7824 26
3608 89
8147 44
9569 65
9528 8
5279 75
479 64
7579 8
5316 15
5385 30
5665 9
8645 7
3153 38
8033 7
8345 11
3169 13
3605 6
609 7
8394 18
3299 77
1685 50
6447 15
5094 16
4904 5
2052 13
1798 13
2762 6
7058 22
3879 11
7525 15
4706 6
7653 49
6957 19
4419 14
4216 30
9854 14
1799 6
2942 29
4361 65
2249 41
2274 42
7987 8
5327 58
3444 23
5072 7
5916 8
8652 34
4114 51
9794 15
9533 98
204 23
3583 22
9177 100
472 6
3614 25
4333 8
437 59
9852 6
7016 18
4513 30
8940 22
1408 29
5478 43
6918 22
8683 13
7217 22
1129 66
4357 6
6624 46
764 10
431 36
5882 6
5382 38
2303 18
4952 46
2819 20
8412 7
5269 10
7378 14
8599 20
6651 16
5152 21
5579 9
7585 19
9898 10
3324 21
9970 16
4754 11
5912 71
5389 91
8319 99
5212 93
8781 99
1310 98
6484 85
3271 98
3677 76
9564 34
2718 67
9589 67
923 81
815 34
4872 41
463 100
5623 39
7303 48
691 49
7370 65
9253 40
1295 56
6159 38
8274 45
4617 59
5594 71
1107 57
5016 48
6331 41
9045 85
9744 38
5738 90
829 32
1474 34
1354 65
8332 85
2515 56
7414 69
8212 69
4656 71
6857 66
9018 67
7625 76
282 89
4323 45
7622 69
2210 38
4284 90
9798 61
4177 89
6026 72
4162 99
8712 61
6412 55
2994 51
5554 40
5137 36
5069 32
3744 90
662 40
8768 39
6503 50
9812 84
3935 58
9549 65
7993 40
9799 41
7707 86
9386 49
4972 62
7255 39
9775 70
9091 68
5613 53
1032 84
4219 9
7349 15
7332 19
1112 21
7239 8
7969 11
9542 11
7947 36
409 22
1274 6
3138 9
5310 8
145 12
1480 6
4041 12
4796 5
157 5
2772 25
9834 46
5292 12
4230 13
6327 95
351 6
9297 9
991 5
9791 5
570 5
8432 6
2656 38
9378 13
2782 8
581 5
4252 22
6940 45
6295 29
1116 11
6547 42
7266 22
4567 15
7209 5
3213 51
6665 8
9965 11
7104 7
7815 11
6098 23
3424 56
6538 8
3989 19
6371 6
8255 21
1843 39
8659 25
8123 10
2604 10
4968 11
6337 19
1263 15
9874 12
2422 32
6149 89
9621 18
5197 15
8754 95
8064 5
6953 12
6353 44
7737 6
5883 33
8587 22
3311 37
8204 23
7180 21
4927 10
7943 23
2371 13
8573 17
9712 10
636 11
3026 22
2845 58
8483 8
1544 40
2134 26
1020 25
995 26
2946 8
2531 11
5879 7
8022 19
2487 29
873 9
5397 6
3322 5
1848 27
7946 7
4352 11
9897 6
9632 11
1151 12
2616 6
7010 8
6439 16
1832 18
1316 95
984 8
7598 28
5574 11
2392 12
3504 64
7592 7
6815 27
8843 90
13 12
5698 14
2990 6
8709 16
372 7
7569 14
719 30
2671 5
5330 45
3501 14
5338 30
5855 15
4723 58
5892 29
7479 21
2542 11
5964 23
8933 14
3678 6
3437 16
3597 9
3818 9
4057 16
9843 11
5367 12
3004 8
6205 20
7119 20
3434 17
6221 5
8722 66
4740 21
8164 12
1045 12
3384 47
9197 26
1695 16
9990 25
7755 22
3544 49
4810 8
357 7
4677 12
5295 12
5489 23
6592 84
4433 20
6933 28
227 25
6137 11
7220 13
374 11
7708 11
2636 12
5236 5
9159 22
9141 15
696 24
3965 28
4094 11
3689 26
7031 36
2444 14
5401 20
3615 9
5817 24
8328 13
501 30
3485 6
1526 5
5829 52
9988 7
1478 23
9352 100
2941 100
8777 33
3057 90
7485 98
4050 93
173 45
6568 72
5913 56
5120 41
9416 49
377 49
8349 58
5419 98
1287 35
8226 39
6673 35
311 49
9466 90
9912 100
5538 98
299 37
7956 45
2621 35
2058 56
2237 79
8698 97
1153 89
5788 59
1710 36
659 98
6687 99
9402 94
486 82
6232 87
1554 88
4051 79
934 83
9504 72
106 97
5659 71
4356 97
9465 88
5020 80
2802 84
8157 73
4838 72
2495 88
3998 73
1014 70
8346 87
5297 85
1289 100
8640 90
7222 90
4086 52
6364 33
1999 56
9396 79
163 88
2414 76
3547 63
9512 48
4360 45
7302 39
5241 46
385 86
3420 88
2625 50
1405 52
3170 87
4974 52
7883 89
5802 88
3692 55
5658 55
6743 48
3106 88
4293 68
232 36
8841 66
5622 90
6555 84
4752 81
7715 51
2250 77
4735 78
9003 88
4624 90
7486 79
4700 78
6219 81
213 47
4093 39
8045 55
7844 86
8877 86
3527 90
6820 54
7096 86
3990 45
2287 20
2474 13
1428 47
4564 27
5668 21
4795 21
9848 6
1416 53
761 63
5221 44
121 66
7756 46
102 36
9613 16
34 12
9215 6
9432 63
8776 30
5103 17
2893 8
4666 6
7195 8
5045 34
4281 5
4840 15
5861 88
9102 16
7085 7
2223 14
9239 22
1511 63
1214 62
1077 67
7433 7
3491 5
7097 30
9768 9
5412 14
3817 9
4063 9
7314 10
6866 18
5222 61
8393 56
1783 57
4646 50
7880 12
5104 61
3666 62
2606 8
6492 40
9700 8
4758 5
9594 16
3934 16
8490 38
8891 16
1532 19
9331 45
2169 6
9751 10
4973 16
3130 27
2737 33
2987 8
2159 9
2075 39
6046 35
6661 35
1756 58
4453 7
2074 40
6464 8
9667 36
5086 6
4705 40
9404 24
1714 5
7487 8
9429 40
6974 16
8461 45
4322 41
8054 45
2020 21
156 18
3232 18
7311 67
5862 68
6405 13
4880 8
920 44
149 63
8308 49
391 5
1242 46
456 18
1202 23
5837 79
5413 6
6504 7
8261 34
4986 13
4572 10
7361 12
3323 57
2872 69
8205 40
8696 96
5434 37
5690 41
2944 67
9059 58
3626 38
5588 57
9520 32
946 36
4247 39
1037 34
600 51
7817 50
9906 37
6461 48
1443 46
7667 39
5488 39
6450 35
5761 55
663 53
5039 32
5945 32
9274 51
6382 95
2242 84
736 74
2355 95
806 100
9348 73
7859 99
1644 100
2094 100
6000 99
2664 5
9948 77
1311 8
2462 7
6807 6
1706 9
7426 20
3793 12
6177 22
9997 52
7464 18
7888 54
2184 10
2637 28
6640 18
2742 5
4077 12
3808 18
6146 23
7578 102
9893 34
138 27
3909 6
2270 5
4001 40
687 6
4495 42
8999 13
5645 27
3339 18
9056 7
1803 6
9911 21
4300 5
2402 59
8245 63
1283 19
3186 6
3041 11
2300 62
4006 24
7071 45
6362 16
8548 33
1932 24
594 30
270 15
6838 6
1456 17
7722 63
9999 12
7193 10
6208 28
3259 33
1876 11
8437 26
5585 38
3564 6
5462 9
7228 7
4487 10
1301 5
9514 12
7165 30
2926 10
5114 19
8710 53
9859 7
5759 11
6567 30
7055 19
6395 89
1882 12
8701 9
1326 8
2948 10
1330 61
8309 51
2295 10
68 10
3463 25
8084 55
9647 10
6289 61
4334 13
4167 44
4461 88
3040 5
9891 42
3314 45
8139 24
9538 5
8152 18
8262 8
5946 26
2132 5
4231 22
9439 29
9883 5
8819 19
6971 23
450 16
5991 6
6539 23
5624 36
9634 14
4854 14
6946 41
452 6
2897 23
9280 47
8347 25
4091 8
7323 9
1919 14
257 8
211 16
1937 43
1732 24
6339 7
1740 38
3396 7
9945 22
3580 13
2972 22
3882 57
6436 6
9860 8
9263 56
3534 21
1082 63
5713 9
2013 28
1500 8
2049 18
114 36
3472 12
1795 5
373 5
543 17
4097 6
7519 26
3355 25
2011 29
353 7
9829 6
4410 28
685 7
3791 5
3997 54
316 35
8220 5
296 63
1562 24
7752 27
268 6
6662 36
6042 12
5512 94
7245 99
5556 74
9994 99
6269 72
3175 89
731 88
5001 77
9507 98
8484 80
7184 88
461 99
977 99
2686 98
7664 89
1252 85
4023 99
5701 59
1243 66
3836 40
4485 76
558 43
314 69
2311 44
4734 37
6276 34
3704 32
9454 39
7063 44
5975 66
9023 68
7630 42
9526 50
5281 35
8242 51
7025 99
8758 68
1650 60
4979 63
6506 52
2221 40
5335 42
9430 72
6356 44
1237 63
2795 96
3912 100
3991 56
7371 55
4788 68
2389 54
7527 36
5672 11
6332 43
4256 34
7176 48
7745 87
7948 12
6287 35
2172 37
8737 77
1135 33
7425 42
9193 56
1866 12
1273 66
8782 15
5359 41
803 23
5803 65
5105 32
7022 49
2231 6
5274 8
660 59
8260 98
4184 7
3921 35
4327 77
3284 12
5061 42
5723 39
2076 52
6112 48
3318 18
548 78
6623 11
7807 41
7279 100
9015 52
4404 38
9899 63
7358 83
6601 39
8209 50
9971 47
216 5
892 15
4958 38
2977 33
1090 50
2165 23
51 59
938 41
9709 6
439 60
1913 9
1885 43
9029 6
1156 12
8048 60
7036 57
4860 50
4147 6
705 99
6954 72
2031 108
6944 99
5891 99
4451 43
3930 16
1990 39
5976 88
1495 18
9995 73
3588 22
2862 7
8366 7
9229 13
3225 6
6992 21
3242 46
3642 7
3160 9
6959 13
8091 36
3139 29
8445 8
176 6
1575 8
9109 25
8853 9
1647 9
6879 59
4691 10
7701 11
4205 11
2186 11
4478 16
1130 8
2556 5
8233 16
7163 5
7219 15
8926 5
2647 11
511 20
2030 6
9976 10
8419 13
9478 12
9505 9
8036 15
3567 48
5252 39
6744 7
4907 7
8092 5
9545 8
780 18
2969 40
4038 30
7759 20
2617 12
4702 11
6721 35
8411 9
4719 8
9310 26
85 24
2518 8
9200 10
7772 41
554 55
1298 11
481 7
8596 16
5636 8
8063 54
3428 79
1956 9
1846 21
5497 18
7319 26
9230 64
9720 46
2930 8
9973 12
8219 12
3796 6
3354 6
3132 24
7684 58
8058 10
5939 17
0 29
5409 11
2369 36
8213 17
4262 39
291 12
3371 69
1786 6
4769 11
3436 10
4746 5
4337 15
6594 38
6892 20
103 7
8325 5
8760 5
6244 7
6217 54
8731 14
9417 51
9942 13
6350 25
2746 8
6543 66
5953 22
6871 8
1466 78
7411 6
7499 5
7835 13
5073 12
4649 9
914 7
4821 57
241 7
9013 18
6166 65
3875 68
2236 100
8466 93
6064 99
7545 32
7404 34
7246 47
4139 65
2591 45
8673 39
1111 49
6422 39
2206 88
2429 79
4457 88
7054 100
633 100
6310 100
5582 86
1068 99
500 86
7045 85
2527 90
7395 83
6367 79
6138 82
9486 82
1845 87
9684 79
7178 74
4652 90
189 100
5805 82
7306 73
6970 70
6021 71
7117 75
4887 79
4249 76
2771 82
3020 73
2029 83
5491 90
1976 88
6068 80
9844 85
6511 83
2136 90
9403 86
7602 80
354 71
8473 76
2584 89
4695 76
9716 96
5804 96
9790 58
6515 68
7884 61
8236 100
8676 69
5764 32
8699 73
9107 87
2455 65
2120 70
677 67
4355 74
7840 85
5379 95
6139 75
2425 78
6392 83
4354 87
789 83
716 67
2258 77
7258 86
9124 42
1240 77
3015 78
4040 86
4242 72
3662 89
238 57
7580 75
5373 84
7130 83
7915 88
8729 79
4277 84
279 90
104 79
5445 84
3800 85
462 83
9767 90
1504 78
92 88
5200 70
5162 90
5507 78
6720 72
87 86
447 86
2138 87
2642 98
6044 98
7576 99
4598 94
9982 90
367 85
9864 74
1369 92
3802 95
2470 103
4738 99
361 95
5796 98
7925 93
8688 98
2294 89
9604 98
196 99
5096 96
3109 89
865 97
9892 98
2662 100
1909 96
2025 100
860 85
6902 72
6877 82
5498 86
6248 100
3077 98
8960 97
3392 88
5739 81
4115 41
8830 77
3110 42
2596 100
7563 37
5508 99
6875 74
6630 99
3315 70
356 88
6810 72
2567 80
1309 89
9231 97
2019 79
9723 75
8838 99
566 99
8928 101
146 70
4678 98
8821 82
6595 100
738 76
5930 100
1547 90
4386 98
6363 66
919 46
1266 64
5242 33
221 40
5441 90
4711 70
6677 63
4102 86
252 69
1315 43
7646 42
2393 44
8829 45
9930 47
4306 89
8523 88
1171 51
9920 45
9908 99
3587 89
7289 100
5195 99
980 100
2416 100
3403 73
36 44
5807 35
3036 44
8028 36
4554 40
748 87
6009 47
5136 49
3151 34
8250 99
8987 87
5062 49
1457 82
2934 42
418 64
6865 52
7297 58
6635 99
1206 78
1092 100
3347 73
5347 36
9186 48
7328 51
1567 41
4938 45
8326 61
4481 42
4922 67
4583 49
1063 39
4179 66
7463 59
7350 72
8786 46
1677 53
6188 45
489 90
3131 43
5954 36
1641 42
5334 46
6745 63
7484 40
4081 100
4770 43
5848 48
1137 64
3712 50
8159 32
170 71
1031 46
2677 49
6521 57
5066 76
9036 89
3264 77
6326 93
3249 72
6377 101
4137 73
7177 98
3350 100
2009 100
2401 100
8582 97
8031 87
8422 99
7421 86
6426 97
9483 99
5600 76
854 96
2475 97
4388 100
